	16.0	17.0	18.0	19.0	20.0	21.0	22.0	23.0	24.0	25.0	26.0	27.0	28.0	29.0	30.0	31.0	32.0	33.0	34.0	35.0	36.0	37.0
C1I_T01_1	2.0	1.0	7.0	24.0	53.0	161.0	388.0	942.0	2031.0	4304.0	8215.0	15325.0	25738.0	43099.0	67021.0	104092.0	159515.0	276998.0	538961.0	1187239.0	1342008.0	4966.0
	12.0	13.0	14.0	15.0	16.0	17.0	18.0	19.0	20.0	21.0	22.0	23.0	24.0	25.0	26.0	27.0	28.0	29.0	30.0	31.0	32.0	33.0	34.0	35.0	36.0	37.0
C1I_T01_2	2.0	15.0	73.0	198.0	358.0	461.0	592.0	887.0	1276.0	1828.0	2655.0	3988.0	5692.0	8018.0	11183.0	16430.0	23921.0	36085.0	55745.0	92046.0	153290.0	280076.0	540577.0	1157696.0	1363714.0	24284.0
	16.0	17.0	18.0	19.0	20.0	21.0	22.0	23.0	24.0	25.0	26.0	27.0	28.0	29.0	30.0	31.0	32.0	33.0	34.0	35.0	36.0	37.0
C1I_T02_1	2.0	1.0	8.0	16.0	57.0	160.0	387.0	1027.0	2448.0	5271.0	10314.0	19033.0	30540.0	48151.0	68843.0	98312.0	136823.0	216421.0	406656.0	986972.0	2491433.0	36688.0
	12.0	13.0	14.0	15.0	16.0	17.0	18.0	19.0	20.0	21.0	22.0	23.0	24.0	25.0	26.0	27.0	28.0	29.0	30.0	31.0	32.0	33.0	34.0	35.0	36.0	37.0
C1I_T02_2	3.0	25.0	91.0	283.0	480.0	593.0	759.0	1006.0	1384.0	2155.0	3244.0	5272.0	7888.0	11538.0	16544.0	23763.0	34063.0	49673.0	72676.0	114634.0	184440.0	329709.0	641979.0	1399080.0	1631253.0	27028.0
	15.0	16.0	17.0	18.0	19.0	20.0	21.0	22.0	23.0	24.0	25.0	26.0	27.0	28.0	29.0	30.0	31.0	32.0	33.0	34.0	35.0	36.0	37.0
C1I_T03_1	1.0	0.0	1.0	9.0	18.0	49.0	183.0	451.0	1160.0	2371.0	5518.0	10466.0	18647.0	30524.0	46859.0	66876.0	95476.0	132887.0	210804.0	394653.0	957910.0	2354011.0	33898.0
	12.0	13.0	14.0	15.0	16.0	17.0	18.0	19.0	20.0	21.0	22.0	23.0	24.0	25.0	26.0	27.0	28.0	29.0	30.0	31.0	32.0	33.0	34.0	35.0	36.0	37.0
C1I_T03_2	3.0	18.0	88.0	251.0	429.0	608.0	790.0	1118.0	1458.0	2097.0	3246.0	5424.0	8235.0	12154.0	16972.0	24351.0	34794.0	50254.0	73031.0	113312.0	180765.0	316853.0	608115.0	1318622.0	1564717.0	25067.0
	15.0	16.0	17.0	18.0	19.0	20.0	21.0	22.0	23.0	24.0	25.0	26.0	27.0	28.0	29.0	30.0	31.0	32.0	33.0	34.0	35.0	36.0	37.0
C1I_T04_1	1.0	0.0	2.0	7.0	11.0	36.0	141.0	326.0	849.0	2023.0	4514.0	8664.0	15523.0	24981.0	39776.0	57589.0	83857.0	120385.0	194075.0	358957.0	831130.0	1647419.0	19020.0
	12.0	13.0	14.0	15.0	16.0	17.0	18.0	19.0	20.0	21.0	22.0	23.0	24.0	25.0	26.0	27.0	28.0	29.0	30.0	31.0	32.0	33.0	34.0	35.0	36.0	37.0
C1I_T04_2	1.0	11.0	82.0	206.0	333.0	379.0	469.0	537.0	676.0	1139.0	1934.0	3520.0	5488.0	8498.0	11948.0	17585.0	24883.0	36802.0	54092.0	83595.0	133550.0	237340.0	458404.0	1021924.0	1284044.0	21846.0
	17.0	18.0	19.0	20.0	21.0	22.0	23.0	24.0	25.0	26.0	27.0	28.0	29.0	30.0	31.0	32.0	33.0	34.0	35.0	36.0	37.0
C1I_T05_1	1.0	3.0	6.0	39.0	114.0	333.0	903.0	2171.0	4944.0	9214.0	16785.0	27161.0	42053.0	60218.0	85843.0	119406.0	189055.0	352389.0	880721.0	2127770.0	28507.0
	12.0	13.0	14.0	15.0	16.0	17.0	18.0	19.0	20.0	21.0	22.0	23.0	24.0	25.0	26.0	27.0	28.0	29.0	30.0	31.0	32.0	33.0	34.0	35.0	36.0	37.0
C1I_T05_2	1.0	26.0	96.0	235.0	337.0	476.0	574.0	776.0	1192.0	1614.0	2622.0	4393.0	7015.0	10511.0	14681.0	21595.0	30547.0	45204.0	66086.0	104088.0	167748.0	299966.0	574963.0	1210401.0	1357885.0	24604.0
	17.0	18.0	19.0	20.0	21.0	22.0	23.0	24.0	25.0	26.0	27.0	28.0	29.0	30.0	31.0	32.0	33.0	34.0	35.0	36.0	37.0
C1I_T10_1	1.0	2.0	12.0	30.0	103.0	343.0	819.0	2050.0	4579.0	9047.0	16337.0	26471.0	40990.0	57558.0	81567.0	111257.0	170134.0	308588.0	737126.0	1986473.0	32431.0
	12.0	13.0	14.0	15.0	16.0	17.0	18.0	19.0	20.0	21.0	22.0	23.0	24.0	25.0	26.0	27.0	28.0	29.0	30.0	31.0	32.0	33.0	34.0	35.0	36.0	37.0
C1I_T10_2	1.0	10.0	62.0	195.0	400.0	497.0	531.0	564.0	668.0	920.0	1564.0	2783.0	4718.0	7599.0	10914.0	16539.0	24054.0	35177.0	51516.0	79331.0	127016.0	227663.0	460021.0	1087408.0	1419977.0	25790.0
	19.0	20.0	21.0	22.0	23.0	24.0	25.0	26.0	27.0	28.0	29.0	30.0	31.0	32.0	33.0	34.0	35.0	36.0	37.0
C1I_T15_1	8.0	41.0	127.0	335.0	948.0	2161.0	4881.0	9341.0	16699.0	26975.0	40741.0	57761.0	80161.0	110236.0	171391.0	316307.0	743560.0	1905455.0	27645.0
	12.0	13.0	14.0	15.0	16.0	17.0	18.0	19.0	20.0	21.0	22.0	23.0	24.0	25.0	26.0	27.0	28.0	29.0	30.0	31.0	32.0	33.0	34.0	35.0	36.0	37.0
C1I_T15_2	1.0	6.0	69.0	192.0	330.0	443.0	456.0	491.0	658.0	903.0	1585.0	2955.0	4671.0	7098.0	10257.0	15274.0	22119.0	32071.0	47340.0	73277.0	118699.0	214184.0	439808.0	1068674.0	1425427.0	27785.0
	17.0	18.0	19.0	20.0	21.0	22.0	23.0	24.0	25.0	26.0	27.0	28.0	29.0	30.0	31.0	32.0	33.0	34.0	35.0	36.0	37.0
C1I_T20_1	1.0	4.0	9.0	41.0	160.0	513.0	1298.0	2940.0	6902.0	13181.0	23613.0	37451.0	56973.0	80790.0	111731.0	152436.0	234885.0	433473.0	1078058.0	2657923.0	34416.0
	12.0	13.0	14.0	15.0	16.0	17.0	18.0	19.0	20.0	21.0	22.0	23.0	24.0	25.0	26.0	27.0	28.0	29.0	30.0	31.0	32.0	33.0	34.0	35.0	36.0	37.0
C1I_T20_2	1.0	8.0	79.0	203.0	376.0	514.0	505.0	510.0	648.0	973.0	1853.0	3727.0	6271.0	9972.0	14458.0	21388.0	30617.0	45114.0	65765.0	104506.0	171313.0	320343.0	671681.0	1566192.0	1860037.0	29744.0
	16.0	17.0	18.0	19.0	20.0	21.0	22.0	23.0	24.0	25.0	26.0	27.0	28.0	29.0	30.0	31.0	32.0	33.0	34.0	35.0	36.0	37.0
C1M_T01_1	1.0	2.0	2.0	9.0	34.0	88.0	234.0	580.0	1392.0	2958.0	5604.0	10270.0	17474.0	28962.0	44836.0	69627.0	113471.0	204358.0	314515.0	717834.0	1102575.0	6893.0
	13.0	14.0	15.0	16.0	17.0	18.0	19.0	20.0	21.0	22.0	23.0	24.0	25.0	26.0	27.0	28.0	29.0	30.0	31.0	32.0	33.0	34.0	35.0	36.0	37.0
C1M_T01_2	13.0	47.0	146.0	223.0	316.0	412.0	665.0	956.0	1276.0	1977.0	3128.0	4282.0	6100.0	8134.0	11692.0	17231.0	25505.0	38595.0	62088.0	102709.0	184124.0	356259.0	787826.0	1009168.0	18847.0
	17.0	18.0	19.0	20.0	21.0	22.0	23.0	24.0	25.0	26.0	27.0	28.0	29.0	30.0	31.0	32.0	33.0	34.0	35.0	36.0	37.0
C1M_T02_1	3.0	4.0	15.0	38.0	146.0	369.0	856.0	1847.0	3675.0	7207.0	12972.0	22170.0	36388.0	56030.0	86901.0	139501.0	257556.0	387515.0	923507.0	1847104.0	17497.0
	12.0	13.0	14.0	15.0	16.0	17.0	18.0	19.0	20.0	21.0	22.0	23.0	24.0	25.0	26.0	27.0	28.0	29.0	30.0	31.0	32.0	33.0	34.0	35.0	36.0	37.0
C1M_T02_2	2.0	17.0	77.0	225.0	348.0	550.0	653.0	939.0	1380.0	1994.0	3299.0	5364.0	7436.0	10191.0	13391.0	19048.0	27514.0	41200.0	62253.0	99741.0	162818.0	290505.0	556875.0	1165194.0	1307569.0	22718.0
	17.0	18.0	19.0	20.0	21.0	22.0	23.0	24.0	25.0	26.0	27.0	28.0	29.0	30.0	31.0	32.0	33.0	34.0	35.0	36.0	37.0
C1M_T03_1	4.0	6.0	14.0	55.0	153.0	384.0	1006.0	2308.0	4992.0	9441.0	16869.0	27648.0	43061.0	62625.0	91717.0	141363.0	251373.0	357895.0	831280.0	2068195.0	27887.0
	12.0	13.0	14.0	15.0	16.0	17.0	18.0	19.0	20.0	21.0	22.0	23.0	24.0	25.0	26.0	27.0	28.0	29.0	30.0	31.0	32.0	33.0	34.0	35.0	36.0	37.0
C1M_T03_2	4.0	13.0	71.0	241.0	399.0	552.0	741.0	1057.0	1465.0	2263.0	3522.0	5884.0	8527.0	11907.0	15969.0	22638.0	31661.0	45116.0	65772.0	101426.0	159757.0	278456.0	531943.0	1170282.0	1454039.0	24571.0
	16.0	17.0	18.0	19.0	20.0	21.0	22.0	23.0	24.0	25.0	26.0	27.0	28.0	29.0	30.0	31.0	32.0	33.0	34.0	35.0	36.0	37.0
C1M_T04_1	1.0	1.0	9.0	13.0	41.0	113.0	296.0	868.0	1877.0	4085.0	7593.0	13921.0	21999.0	35294.0	52112.0	78198.0	123884.0	218228.0	309138.0	691186.0	1453715.0	16390.0
	12.0	13.0	14.0	15.0	16.0	17.0	18.0	19.0	20.0	21.0	22.0	23.0	24.0	25.0	26.0	27.0	28.0	29.0	30.0	31.0	32.0	33.0	34.0	35.0	36.0	37.0
C1M_T04_2	3.0	10.0	60.0	161.0	301.0	346.0	375.0	435.0	587.0	955.0	1709.0	2905.0	4786.0	6752.0	9909.0	14379.0	20339.0	29981.0	44199.0	68625.0	109303.0	195090.0	384357.0	897038.0	1214823.0	21534.0
	15.0	16.0	17.0	18.0	19.0	20.0	21.0	22.0	23.0	24.0	25.0	26.0	27.0	28.0	29.0	30.0	31.0	32.0	33.0	34.0	35.0	36.0	37.0
C1M_T05_1	3.0	0.0	5.0	5.0	21.0	63.0	148.0	425.0	1005.0	2215.0	4638.0	8644.0	15874.0	25858.0	40584.0	59342.0	88197.0	137268.0	241661.0	338554.0	784958.0	1933924.0	25265.0
	12.0	13.0	14.0	15.0	16.0	17.0	18.0	19.0	20.0	21.0	22.0	23.0	24.0	25.0	26.0	27.0	28.0	29.0	30.0	31.0	32.0	33.0	34.0	35.0	36.0	37.0
C1M_T05_2	1.0	29.0	101.0	244.0	418.0	524.0	629.0	977.0	1480.0	2120.0	3487.0	5601.0	7969.0	11005.0	14817.0	21024.0	29639.0	42851.0	63010.0	97690.0	153422.0	269527.0	511683.0	1107364.0	1337460.0	25585.0
	17.0	18.0	19.0	20.0	21.0	22.0	23.0	24.0	25.0	26.0	27.0	28.0	29.0	30.0	31.0	32.0	33.0	34.0	35.0	36.0	37.0
C1M_T10_1	1.0	4.0	17.0	44.0	143.0	385.0	935.0	2140.0	4590.0	8618.0	15691.0	25549.0	39527.0	57172.0	84289.0	130590.0	229324.0	306537.0	687574.0	1911133.0	27970.0
	12.0	13.0	14.0	15.0	16.0	17.0	18.0	19.0	20.0	21.0	22.0	23.0	24.0	25.0	26.0	27.0	28.0	29.0	30.0	31.0	32.0	33.0	34.0	35.0	36.0	37.0
C1M_T10_2	1.0	10.0	64.0	201.0	337.0	445.0	485.0	565.0	666.0	948.0	1669.0	2935.0	4763.0	6832.0	9736.0	14527.0	21416.0	31537.0	46623.0	73002.0	117038.0	211058.0	428417.0	1060063.0	1472204.0	26691.0
	17.0	18.0	19.0	20.0	21.0	22.0	23.0	24.0	25.0	26.0	27.0	28.0	29.0	30.0	31.0	32.0	33.0	34.0	35.0	36.0	37.0
C1M_T15_1	2.0	1.0	11.0	47.0	168.0	473.0	1015.0	2344.0	5156.0	10012.0	17528.0	28739.0	44597.0	65346.0	96633.0	151555.0	265591.0	374407.0	866030.0	2103478.0	27746.0
	12.0	13.0	14.0	15.0	16.0	17.0	18.0	19.0	20.0	21.0	22.0	23.0	24.0	25.0	26.0	27.0	28.0	29.0	30.0	31.0	32.0	33.0	34.0	35.0	36.0	37.0
C1M_T15_2	2.0	19.0	97.0	229.0	390.0	553.0	815.0	1142.0	1629.0	2498.0	3806.0	6211.0	9090.0	13133.0	17434.0	25050.0	34666.0	49569.0	72039.0	110226.0	173626.0	301097.0	563893.0	1199656.0	1447011.0	26998.0
	18.0	19.0	20.0	21.0	22.0	23.0	24.0	25.0	26.0	27.0	28.0	29.0	30.0	31.0	32.0	33.0	34.0	35.0	36.0	37.0
C1M_T20_1	7.0	22.0	61.0	198.0	508.0	1185.0	2605.0	5529.0	10309.0	17996.0	29872.0	46938.0	71193.0	113831.0	216089.0	248976.0	359002.0	902636.0	2122457.0	26876.0
	13.0	14.0	15.0	16.0	17.0	18.0	19.0	20.0	21.0	22.0	23.0	24.0	25.0	26.0	27.0	28.0	29.0	30.0	31.0	32.0	33.0	34.0	35.0	36.0	37.0
C1M_T20_2	16.0	99.0	249.0	416.0	581.0	778.0	1174.0	1693.0	2603.0	3971.0	5892.0	8946.0	13192.0	18092.0	26323.0	37584.0	54738.0	80206.0	123983.0	196257.0	338071.0	625362.0	1258176.0	1357214.0	20674.0
	16.0	17.0	18.0	19.0	20.0	21.0	22.0	23.0	24.0	25.0	26.0	27.0	28.0	29.0	30.0	31.0	32.0	33.0	34.0	35.0	36.0	37.0
C2I_T01_1	1.0	0.0	7.0	12.0	42.0	116.0	289.0	735.0	1762.0	3777.0	6993.0	12957.0	21143.0	33287.0	48761.0	72634.0	107099.0	183870.0	305053.0	644980.0	1029091.0	7746.0
	12.0	13.0	14.0	15.0	16.0	17.0	18.0	19.0	20.0	21.0	22.0	23.0	24.0	25.0	26.0	27.0	28.0	29.0	30.0	31.0	32.0	33.0	34.0	35.0	36.0	37.0
C2I_T01_2	1.0	8.0	48.0	144.0	231.0	309.0	407.0	577.0	835.0	1392.0	2382.0	3774.0	5433.0	7444.0	9839.0	14252.0	20037.0	30192.0	44524.0	70514.0	113409.0	199992.0	371440.0	744883.0	823708.0	14580.0
	16.0	17.0	18.0	19.0	20.0	21.0	22.0	23.0	24.0	25.0	26.0	27.0	28.0	29.0	30.0	31.0	32.0	33.0	34.0	35.0	36.0	37.0
C2I_T02_1	2.0	2.0	3.0	9.0	45.0	88.0	254.0	681.0	1627.0	3502.0	6724.0	12041.0	19776.0	30823.0	45000.0	65396.0	95955.0	164753.0	270645.0	587561.0	1328150.0	16898.0
	12.0	13.0	14.0	15.0	16.0	17.0	18.0	19.0	20.0	21.0	22.0	23.0	24.0	25.0	26.0	27.0	28.0	29.0	30.0	31.0	32.0	33.0	34.0	35.0	36.0	37.0
C2I_T02_2	1.0	13.0	54.0	162.0	288.0	326.0	397.0	525.0	860.0	1339.0	2244.0	3764.0	5514.0	7620.0	10345.0	15077.0	21537.0	31920.0	47310.0	75196.0	119226.0	209459.0	395654.0	805473.0	881464.0	14167.0
	17.0	18.0	19.0	20.0	21.0	22.0	23.0	24.0	25.0	26.0	27.0	28.0	29.0	30.0	31.0	32.0	33.0	34.0	35.0	36.0	37.0
C2I_T03_1	1.0	3.0	9.0	34.0	100.0	235.0	687.0	1615.0	3334.0	6338.0	11466.0	18633.0	28878.0	41842.0	60292.0	87941.0	150038.0	246872.0	539354.0	1200260.0	15034.0
	12.0	13.0	14.0	15.0	16.0	17.0	18.0	19.0	20.0	21.0	22.0	23.0	24.0	25.0	26.0	27.0	28.0	29.0	30.0	31.0	32.0	33.0	34.0	35.0	36.0	37.0
C2I_T03_2	1.0	10.0	39.0	138.0	259.0	310.0	401.0	543.0	831.0	1354.0	2306.0	3884.0	5699.0	7815.0	10819.0	15487.0	21365.0	31169.0	44798.0	69759.0	110232.0	191564.0	355160.0	722524.0	804274.0	12225.0
	18.0	19.0	20.0	21.0	22.0	23.0	24.0	25.0	26.0	27.0	28.0	29.0	30.0	31.0	32.0	33.0	34.0	35.0	36.0	37.0
C2I_T04_1	1.0	7.0	28.0	75.0	177.0	447.0	1070.0	2309.0	4492.0	8267.0	13574.0	21061.0	31640.0	46385.0	68067.0	116816.0	190300.0	389336.0	717243.0	7236.0
	13.0	14.0	15.0	16.0	17.0	18.0	19.0	20.0	21.0	22.0	23.0	24.0	25.0	26.0	27.0	28.0	29.0	30.0	31.0	32.0	33.0	34.0	35.0	36.0	37.0
C2I_T04_2	5.0	40.0	90.0	142.0	215.0	191.0	237.0	369.0	533.0	1035.0	1839.0	2845.0	4156.0	5937.0	8616.0	12543.0	18307.0	26962.0	42291.0	67703.0	119517.0	226655.0	483822.0	584433.0	10048.0
	18.0	19.0	20.0	21.0	22.0	23.0	24.0	25.0	26.0	27.0	28.0	29.0	30.0	31.0	32.0	33.0	34.0	35.0	36.0	37.0
C2I_T05_1	1.0	8.0	34.0	102.0	276.0	698.0	1549.0	3330.0	6586.0	11560.0	18834.0	28795.0	42094.0	60929.0	88964.0	151881.0	246862.0	532975.0	1161575.0	13791.0
	13.0	14.0	15.0	16.0	17.0	18.0	19.0	20.0	21.0	22.0	23.0	24.0	25.0	26.0	27.0	28.0	29.0	30.0	31.0	32.0	33.0	34.0	35.0	36.0	37.0
C2I_T05_2	11.0	56.0	146.0	243.0	308.0	319.0	473.0	745.0	1188.0	2106.0	3392.0	5131.0	7168.0	9735.0	14221.0	19930.0	29195.0	43494.0	68556.0	108763.0	191037.0	354878.0	714238.0	780605.0	14906.0
	16.0	17.0	18.0	19.0	20.0	21.0	22.0	23.0	24.0	25.0	26.0	27.0	28.0	29.0	30.0	31.0	32.0	33.0	34.0	35.0	36.0	37.0
C2I_T10_1	1.0	0.0	3.0	12.0	36.0	83.0	220.0	594.0	1409.0	3165.0	6218.0	11333.0	18479.0	28972.0	42065.0	60319.0	88650.0	148638.0	243885.0	542282.0	1192847.0	14418.0
	12.0	13.0	14.0	15.0	16.0	17.0	18.0	19.0	20.0	21.0	22.0	23.0	24.0	25.0	26.0	27.0	28.0	29.0	30.0	31.0	32.0	33.0	34.0	35.0	36.0	37.0
C2I_T10_2	1.0	6.0	40.0	126.0	241.0	315.0	399.0	553.0	720.0	1147.0	1759.0	3098.0	4613.0	7000.0	9788.0	14520.0	20522.0	30144.0	44526.0	69254.0	109429.0	192266.0	356810.0	725434.0	798195.0	12723.0
	15.0	16.0	17.0	18.0	19.0	20.0	21.0	22.0	23.0	24.0	25.0	26.0	27.0	28.0	29.0	30.0	31.0	32.0	33.0	34.0	35.0	36.0	37.0
C2I_T15_1	1.0	1.0	0.0	2.0	5.0	29.0	103.0	297.0	743.0	1695.0	3659.0	6695.0	12005.0	18630.0	27495.0	38030.0	54217.0	78620.0	140526.0	213907.0	407990.0	991893.0	14304.0
	13.0	14.0	15.0	16.0	17.0	18.0	19.0	20.0	21.0	22.0	23.0	24.0	25.0	26.0	27.0	28.0	29.0	30.0	31.0	32.0	33.0	34.0	35.0	36.0	37.0
C2I_T15_2	7.0	34.0	94.0	186.0	260.0	226.0	282.0	392.0	652.0	1123.0	2125.0	3120.0	4533.0	6361.0	9283.0	13283.0	19519.0	28571.0	44787.0	71994.0	128621.0	253230.0	597036.0	806864.0	18264.0
	16.0	17.0	18.0	19.0	20.0	21.0	22.0	23.0	24.0	25.0	26.0	27.0	28.0	29.0	30.0	31.0	32.0	33.0	34.0	35.0	36.0	37.0
C2I_T20_1	3.0	6.0	14.0	24.0	71.0	171.0	482.0	1184.0	2676.0	5597.0	10581.0	18549.0	30875.0	48586.0	71610.0	108947.0	191223.0	296014.0	384582.0	935375.0	2413893.0	34691.0
	12.0	13.0	14.0	15.0	16.0	17.0	18.0	19.0	20.0	21.0	22.0	23.0	24.0	25.0	26.0	27.0	28.0	29.0	30.0	31.0	32.0	33.0	34.0	35.0	36.0	37.0
C2I_T20_2	3.0	21.0	130.0	354.0	567.0	759.0	1000.0	1414.0	2045.0	2879.0	4120.0	6482.0	9630.0	14268.0	19975.0	28768.0	40580.0	59170.0	85648.0	133286.0	208612.0	363128.0	676818.0	1378538.0	1494550.0	22409.0
	16.0	17.0	18.0	19.0	20.0	21.0	22.0	23.0	24.0	25.0	26.0	27.0	28.0	29.0	30.0	31.0	32.0	33.0	34.0	35.0	36.0	37.0
C2M_T01_1	1.0	2.0	13.0	16.0	47.0	150.0	376.0	854.0	2074.0	4561.0	8837.0	15933.0	26179.0	41102.0	61065.0	91281.0	136279.0	242895.0	417530.0	891517.0	1232953.0	6997.0
	12.0	13.0	14.0	15.0	16.0	17.0	18.0	19.0	20.0	21.0	22.0	23.0	24.0	25.0	26.0	27.0	28.0	29.0	30.0	31.0	32.0	33.0	34.0	35.0	36.0	37.0
C2M_T01_2	1.0	16.0	69.0	180.0	297.0	453.0	540.0	816.0	1158.0	1814.0	2622.0	4094.0	5837.0	8179.0	11251.0	16165.0	23266.0	34668.0	52239.0	83248.0	134301.0	238123.0	442464.0	940933.0	1155693.0	22235.0
	14.0	15.0	16.0	17.0	18.0	19.0	20.0	21.0	22.0	23.0	24.0	25.0	26.0	27.0	28.0	29.0	30.0	31.0	32.0	33.0	34.0	35.0	36.0	37.0
C2M_T02_1	1.0	0.0	0.0	4.0	8.0	25.0	53.0	158.0	412.0	979.0	2137.0	4503.0	8352.0	15385.0	24870.0	38790.0	56316.0	82799.0	120407.0	207444.0	350516.0	799022.0	1721659.0	19152.0
	11.0	12.0	13.0	14.0	15.0	16.0	17.0	18.0	19.0	20.0	21.0	22.0	23.0	24.0	25.0	26.0	27.0	28.0	29.0	30.0	31.0	32.0	33.0	34.0	35.0	36.0	37.0
C2M_T02_2	1.0	3.0	18.0	72.0	187.0	348.0	434.0	538.0	739.0	1057.0	1639.0	2665.0	4513.0	6671.0	9299.0	12685.0	18442.0	26366.0	39034.0	57807.0	90726.0	143809.0	255100.0	485429.0	1039545.0	1234030.0	21835.0
	17.0	18.0	19.0	20.0	21.0	22.0	23.0	24.0	25.0	26.0	27.0	28.0	29.0	30.0	31.0	32.0	33.0	34.0	35.0	36.0	37.0
C2M_T03_1	2.0	8.0	7.0	37.0	105.0	344.0	884.0	1930.0	4029.0	7815.0	13803.0	22156.0	34077.0	48952.0	69989.0	100704.0	173937.0	292530.0	651967.0	1506302.0	19390.0
	12.0	13.0	14.0	15.0	16.0	17.0	18.0	19.0	20.0	21.0	22.0	23.0	24.0	25.0	26.0	27.0	28.0	29.0	30.0	31.0	32.0	33.0	34.0	35.0	36.0	37.0
C2M_T03_2	1.0	10.0	62.0	145.0	278.0	404.0	557.0	828.0	1130.0	1738.0	2657.0	4258.0	6342.0	9346.0	12747.0	18163.0	25047.0	36170.0	52253.0	80635.0	127141.0	216185.0	404729.0	866118.0	1063554.0	18470.0
	18.0	19.0	20.0	21.0	22.0	23.0	24.0	25.0	26.0	27.0	28.0	29.0	30.0	31.0	32.0	33.0	34.0	35.0	36.0	37.0
C2M_T04_1	2.0	7.0	36.0	112.0	299.0	747.0	1721.0	3928.0	7193.0	12628.0	19643.0	30181.0	42690.0	61110.0	87399.0	155627.0	250672.0	516416.0	1154502.0	15022.0
	13.0	14.0	15.0	16.0	17.0	18.0	19.0	20.0	21.0	22.0	23.0	24.0	25.0	26.0	27.0	28.0	29.0	30.0	31.0	32.0	33.0	34.0	35.0	36.0	37.0
C2M_T04_2	10.0	48.0	118.0	227.0	263.0	267.0	295.0	405.0	609.0	1137.0	2206.0	3457.0	5074.0	6984.0	10198.0	14822.0	21164.0	30809.0	48476.0	76521.0	137038.0	273989.0	681971.0	1022861.0	20986.0
	17.0	18.0	19.0	20.0	21.0	22.0	23.0	24.0	25.0	26.0	27.0	28.0	29.0	30.0	31.0	32.0	33.0	34.0	35.0	36.0	37.0
C2M_T05_1	1.0	3.0	12.0	51.0	131.0	351.0	848.0	2034.0	4350.0	8066.0	14282.0	22696.0	34516.0	49014.0	68956.0	97866.0	167859.0	272855.0	587344.0	1534079.0	22443.0
	12.0	13.0	14.0	15.0	16.0	17.0	18.0	19.0	20.0	21.0	22.0	23.0	24.0	25.0	26.0	27.0	28.0	29.0	30.0	31.0	32.0	33.0	34.0	35.0	36.0	37.0
C2M_T05_2	1.0	12.0	70.0	169.0	261.0	302.0	318.0	461.0	600.0	950.0	1606.0	2927.0	4574.0	6806.0	9669.0	14024.0	20227.0	29535.0	43239.0	67329.0	107309.0	192034.0	379844.0	867599.0	1114816.0	23075.0
	17.0	18.0	19.0	20.0	21.0	22.0	23.0	24.0	25.0	26.0	27.0	28.0	29.0	30.0	31.0	32.0	33.0	34.0	35.0	36.0	37.0
C2M_T10_1	1.0	2.0	12.0	46.0	131.0	323.0	845.0	2099.0	4428.0	8631.0	15017.0	23772.0	36381.0	51126.0	72124.0	101816.0	173750.0	282491.0	610010.0	1633611.0	25365.0
	12.0	13.0	14.0	15.0	16.0	17.0	18.0	19.0	20.0	21.0	22.0	23.0	24.0	25.0	26.0	27.0	28.0	29.0	30.0	31.0	32.0	33.0	34.0	35.0	36.0	37.0
C2M_T10_2	2.0	6.0	55.0	147.0	313.0	386.0	402.0	526.0	584.0	887.0	1538.0	2831.0	4521.0	6778.0	9867.0	14585.0	20974.0	30901.0	44527.0	68993.0	109067.0	193154.0	381613.0	902031.0	1223748.0	23545.0
	18.0	19.0	20.0	21.0	22.0	23.0	24.0	25.0	26.0	27.0	28.0	29.0	30.0	31.0	32.0	33.0	34.0	35.0	36.0	37.0
C2M_T15_1	3.0	16.0	44.0	167.0	400.0	1085.0	2498.0	5281.0	10110.0	18058.0	28346.0	43876.0	61339.0	88070.0	125860.0	215880.0	359245.0	799239.0	1923947.0	26350.0
	12.0	13.0	14.0	15.0	16.0	17.0	18.0	19.0	20.0	21.0	22.0	23.0	24.0	25.0	26.0	27.0	28.0	29.0	30.0	31.0	32.0	33.0	34.0	35.0	36.0	37.0
C2M_T15_2	6.0	26.0	77.0	217.0	349.0	533.0	679.0	1049.0	1579.0	2405.0	3562.0	5773.0	8724.0	12536.0	17111.0	24498.0	34303.0	48547.0	69574.0	106251.0	165212.0	281825.0	521644.0	1089711.0	1288990.0	24633.0
	15.0	16.0	17.0	18.0	19.0	20.0	21.0	22.0	23.0	24.0	25.0	26.0	27.0	28.0	29.0	30.0	31.0	32.0	33.0	34.0	35.0	36.0	37.0
C2M_T20_1	1.0	0.0	1.0	9.0	23.0	88.0	204.0	585.0	1425.0	3453.0	7358.0	14082.0	25098.0	40621.0	62911.0	89915.0	128902.0	182676.0	302687.0	533993.0	1219383.0	3002114.0	42150.0
	12.0	13.0	14.0	15.0	16.0	17.0	18.0	19.0	20.0	21.0	22.0	23.0	24.0	25.0	26.0	27.0	28.0	29.0	30.0	31.0	32.0	33.0	34.0	35.0	36.0	37.0
C2M_T20_2	5.0	31.0	134.0	339.0	564.0	796.0	1019.0	1536.0	2197.0	3133.0	4812.0	7816.0	11835.0	18019.0	25344.0	36520.0	51243.0	74681.0	107903.0	165582.0	259799.0	450314.0	834357.0	1704601.0	1865732.0	29367.0
	15.0	16.0	17.0	18.0	19.0	20.0	21.0	22.0	23.0	24.0	25.0	26.0	27.0	28.0	29.0	30.0	31.0	32.0	33.0	34.0	35.0	36.0	37.0
C3I_T01_1	2.0	2.0	5.0	10.0	29.0	69.0	170.0	454.0	1175.0	2748.0	5693.0	11098.0	20290.0	33835.0	54918.0	84251.0	133771.0	248551.0	352670.0	512937.0	1201499.0	1629222.0	8596.0
	12.0	13.0	14.0	15.0	16.0	17.0	18.0	19.0	20.0	21.0	22.0	23.0	24.0	25.0	26.0	27.0	28.0	29.0	30.0	31.0	32.0	33.0	34.0	35.0	36.0	37.0
C3I_T01_2	2.0	21.0	113.0	268.0	435.0	582.0	760.0	1091.0	1494.0	2172.0	3402.0	5177.0	7398.0	10627.0	15127.0	21918.0	31658.0	47436.0	71584.0	115814.0	188788.0	335038.0	631785.0	1306081.0	1477498.0	25726.0
	14.0	15.0	16.0	17.0	18.0	19.0	20.0	21.0	22.0	23.0	24.0	25.0	26.0	27.0	28.0	29.0	30.0	31.0	32.0	33.0	34.0	35.0	36.0	37.0
C3I_T02_1	1.0	0.0	1.0	1.0	5.0	10.0	67.0	178.0	500.0	1231.0	2949.0	6455.0	12388.0	22337.0	36891.0	58942.0	87219.0	134982.0	244524.0	350730.0	470278.0	1206812.0	2865131.0	35095.0
	11.0	12.0	13.0	14.0	15.0	16.0	17.0	18.0	19.0	20.0	21.0	22.0	23.0	24.0	25.0	26.0	27.0	28.0	29.0	30.0	31.0	32.0	33.0	34.0	35.0	36.0	37.0
C3I_T02_2	1.0	6.0	32.0	121.0	367.0	590.0	797.0	980.0	1358.0	1822.0	2652.0	4148.0	6746.0	10323.0	14988.0	21132.0	31257.0	45017.0	66951.0	99162.0	157164.0	253011.0	445944.0	845561.0	1709622.0	1789235.0	27740.0
	15.0	16.0	17.0	18.0	19.0	20.0	21.0	22.0	23.0	24.0	25.0	26.0	27.0	28.0	29.0	30.0	31.0	32.0	33.0	34.0	35.0	36.0	37.0
C3I_T03_1	2.0	0.0	1.0	9.0	14.0	34.0	149.0	369.0	1042.0	2412.0	5139.0	9630.0	17341.0	27871.0	43717.0	63947.0	97924.0	180817.0	255193.0	326787.0	812802.0	1973542.0	26603.0
	12.0	13.0	14.0	15.0	16.0	17.0	18.0	19.0	20.0	21.0	22.0	23.0	24.0	25.0	26.0	27.0	28.0	29.0	30.0	31.0	32.0	33.0	34.0	35.0	36.0	37.0
C3I_T03_2	1.0	22.0	108.0	255.0	409.0	542.0	886.0	1276.0	1816.0	2592.0	3815.0	6213.0	9239.0	13489.0	18585.0	26411.0	36836.0	53218.0	76455.0	118561.0	185700.0	317610.0	577696.0	1146981.0	1227723.0	18906.0
	14.0	15.0	16.0	17.0	18.0	19.0	20.0	21.0	22.0	23.0	24.0	25.0	26.0	27.0	28.0	29.0	30.0	31.0	32.0	33.0	34.0	35.0	36.0	37.0
C3I_T04_1	1.0	1.0	0.0	3.0	5.0	20.0	44.0	155.0	399.0	967.0	2433.0	5318.0	10163.0	18418.0	30074.0	47619.0	71105.0	109757.0	202710.0	287869.0	379457.0	902283.0	1883459.0	22089.0
	12.0	13.0	14.0	15.0	16.0	17.0	18.0	19.0	20.0	21.0	22.0	23.0	24.0	25.0	26.0	27.0	28.0	29.0	30.0	31.0	32.0	33.0	34.0	35.0	36.0	37.0
C3I_T04_2	1.0	18.0	93.0	244.0	396.0	495.0	468.0	668.0	854.0	1292.0	2248.0	4085.0	6503.0	9702.0	14177.0	20742.0	29493.0	43547.0	63985.0	99661.0	159634.0	283261.0	546282.0	1203378.0	1459253.0	23869.0
	15.0	16.0	17.0	18.0	19.0	20.0	21.0	22.0	23.0	24.0	25.0	26.0	27.0	28.0	29.0	30.0	31.0	32.0	33.0	34.0	35.0	36.0	37.0
C3I_T05_1	1.0	2.0	1.0	3.0	10.0	42.0	145.0	440.0	1011.0	2431.0	5296.0	10218.0	18224.0	29130.0	45837.0	66628.0	102401.0	187853.0	265047.0	342937.0	854027.0	2098582.0	28165.0
	12.0	13.0	14.0	15.0	16.0	17.0	18.0	19.0	20.0	21.0	22.0	23.0	24.0	25.0	26.0	27.0	28.0	29.0	30.0	31.0	32.0	33.0	34.0	35.0	36.0	37.0
C3I_T05_2	5.0	18.0	111.0	245.0	406.0	568.0	699.0	1089.0	1652.0	2368.0	3617.0	5934.0	8693.0	12549.0	17386.0	25306.0	35119.0	51087.0	74396.0	116814.0	185237.0	321109.0	597067.0	1222667.0	1349761.0	24528.0
	17.0	18.0	19.0	20.0	21.0	22.0	23.0	24.0	25.0	26.0	27.0	28.0	29.0	30.0	31.0	32.0	33.0	34.0	35.0	36.0	37.0
C3I_T10_1	1.0	2.0	9.0	26.0	91.0	287.0	828.0	1972.0	4453.0	8755.0	16012.0	26333.0	40795.0	59425.0	89879.0	160656.0	225858.0	270131.0	666169.0	1909091.0	29282.0
	11.0	12.0	13.0	14.0	15.0	16.0	17.0	18.0	19.0	20.0	21.0	22.0	23.0	24.0	25.0	26.0	27.0	28.0	29.0	30.0	31.0	32.0	33.0	34.0	35.0	36.0	37.0
C3I_T10_2	1.0	1.0	9.0	80.0	218.0	357.0	423.0	437.0	532.0	629.0	886.0	1569.0	2881.0	4802.0	7295.0	10671.0	15986.0	23110.0	34547.0	50166.0	79395.0	126858.0	228681.0	467303.0	1091171.0	1339667.0	22380.0
	17.0	18.0	19.0	20.0	21.0	22.0	23.0	24.0	25.0	26.0	27.0	28.0	29.0	30.0	31.0	32.0	33.0	34.0	35.0	36.0	37.0
C3I_T15_1	3.0	6.0	23.0	66.0	184.0	530.0	1321.0	3270.0	7024.0	13342.0	23962.0	38795.0	60646.0	88143.0	133308.0	242564.0	338402.0	435233.0	1091284.0	2692123.0	35967.0
	12.0	13.0	14.0	15.0	16.0	17.0	18.0	19.0	20.0	21.0	22.0	23.0	24.0	25.0	26.0	27.0	28.0	29.0	30.0	31.0	32.0	33.0	34.0	35.0	36.0	37.0
C3I_T15_2	4.0	39.0	128.0	345.0	524.0	687.0	855.0	1085.0	1595.0	2362.0	3794.0	6411.0	10091.0	15234.0	21314.0	31267.0	44110.0	64342.0	93627.0	146220.0	231407.0	407206.0	767735.0	1586642.0	1739199.0	29973.0
	15.0	16.0	17.0	18.0	19.0	20.0	21.0	22.0	23.0	24.0	25.0	26.0	27.0	28.0	29.0	30.0	31.0	32.0	33.0	34.0	35.0	36.0	37.0
C3I_T20_1	1.0	7.0	3.0	3.0	12.0	35.0	122.0	365.0	928.0	2085.0	4330.0	8483.0	15464.0	25895.0	40562.0	59812.0	87265.0	125595.0	205282.0	390090.0	924245.0	1783146.0	17582.0
	12.0	13.0	14.0	15.0	16.0	17.0	18.0	19.0	20.0	21.0	22.0	23.0	24.0	25.0	26.0	27.0	28.0	29.0	30.0	31.0	32.0	33.0	34.0	35.0	36.0	37.0
C3I_T20_2	1.0	17.0	66.0	235.0	342.0	469.0	629.0	854.0	1190.0	1725.0	2675.0	4396.0	6384.0	9164.0	12895.0	19196.0	27797.0	40943.0	61345.0	97372.0	157250.0	277983.0	528526.0	1118845.0	1299806.0	21207.0
	14.0	15.0	16.0	17.0	18.0	19.0	20.0	21.0	22.0	23.0	24.0	25.0	26.0	27.0	28.0	29.0	30.0	31.0	32.0	33.0	34.0	35.0	36.0	37.0
C3M_T01_1	1.0	0.0	1.0	4.0	9.0	19.0	49.0	165.0	371.0	985.0	2182.0	4814.0	9245.0	17151.0	30539.0	52770.0	86804.0	159510.0	259463.0	363471.0	667842.0	1349212.0	907371.0	1363.0
	12.0	13.0	14.0	15.0	16.0	17.0	18.0	19.0	20.0	21.0	22.0	23.0	24.0	25.0	26.0	27.0	28.0	29.0	30.0	31.0	32.0	33.0	34.0	35.0	36.0	37.0
C3M_T01_2	1.0	19.0	96.0	243.0	403.0	555.0	637.0	810.0	1098.0	1730.0	2570.0	3980.0	5767.0	7939.0	11234.0	17020.0	25038.0	39895.0	62664.0	105090.0	176876.0	321266.0	611699.0	1220389.0	1276937.0	19385.0
	15.0	16.0	17.0	18.0	19.0	20.0	21.0	22.0	23.0	24.0	25.0	26.0	27.0	28.0	29.0	30.0	31.0	32.0	33.0	34.0	35.0	36.0	37.0
C3M_T02_1	1.0	0.0	1.0	7.0	16.0	67.0	215.0	516.0	1246.0	2662.0	5860.0	11016.0	19974.0	32142.0	50763.0	75638.0	124557.0	231759.0	241829.0	376683.0	995082.0	2470135.0	30917.0
	11.0	12.0	13.0	14.0	15.0	16.0	17.0	18.0	19.0	20.0	21.0	22.0	23.0	24.0	25.0	26.0	27.0	28.0	29.0	30.0	31.0	32.0	33.0	34.0	35.0	36.0	37.0
C3M_T02_2	1.0	3.0	31.0	117.0	339.0	472.0	713.0	889.0	1349.0	1923.0	2924.0	4596.0	7363.0	11127.0	16087.0	22193.0	32562.0	45977.0	67424.0	97903.0	153079.0	240758.0	416182.0	758762.0	1431156.0	1338900.0	18256.0
	16.0	17.0	18.0	19.0	20.0	21.0	22.0	23.0	24.0	25.0	26.0	27.0	28.0	29.0	30.0	31.0	32.0	33.0	34.0	35.0	36.0	37.0
C3M_T03_1	1.0	4.0	10.0	17.0	90.0	246.0	561.0	1466.0	3278.0	6718.0	12496.0	21797.0	35483.0	55344.0	82534.0	135650.0	255651.0	264170.0	405625.0	1040846.0	2323539.0	26728.0
	12.0	13.0	14.0	15.0	16.0	17.0	18.0	19.0	20.0	21.0	22.0	23.0	24.0	25.0	26.0	27.0	28.0	29.0	30.0	31.0	32.0	33.0	34.0	35.0	36.0	37.0
C3M_T03_2	6.0	19.0	122.0	334.0	526.0	796.0	1248.0	1993.0	2946.0	4273.0	6461.0	10200.0	14958.0	21702.0	29900.0	42629.0	58661.0	83466.0	120497.0	182609.0	277857.0	459210.0	783597.0	1361924.0	1191120.0	15200.0
	15.0	16.0	17.0	18.0	19.0	20.0	21.0	22.0	23.0	24.0	25.0	26.0	27.0	28.0	29.0	30.0	31.0	32.0	33.0	34.0	35.0	36.0	37.0
C3M_T04_1	1.0	2.0	1.0	3.0	14.0	59.0	155.0	427.0	1195.0	2621.0	5592.0	10650.0	18769.0	30221.0	48163.0	72244.0	121712.0	232270.0	238828.0	364325.0	888450.0	1857987.0	20895.0
	12.0	13.0	14.0	15.0	16.0	17.0	18.0	19.0	20.0	21.0	22.0	23.0	24.0	25.0	26.0	27.0	28.0	29.0	30.0	31.0	32.0	33.0	34.0	35.0	36.0	37.0
C3M_T04_2	3.0	21.0	100.0	223.0	380.0	481.0	545.0	648.0	964.0	1506.0	2625.0	4529.0	7448.0	11571.0	16601.0	24035.0	34192.0	49980.0	72657.0	112016.0	177331.0	308223.0	572477.0	1179337.0	1316896.0	19795.0
	17.0	18.0	19.0	20.0	21.0	22.0	23.0	24.0	25.0	26.0	27.0	28.0	29.0	30.0	31.0	32.0	33.0	34.0	35.0	36.0	37.0
C3M_T05_1	1.0	0.0	14.0	39.0	176.0	391.0	1073.0	2372.0	5122.0	9834.0	17655.0	29074.0	45189.0	67395.0	109605.0	200417.0	213172.0	328881.0	881782.0	2295369.0	29840.0
	12.0	13.0	14.0	15.0	16.0	17.0	18.0	19.0	20.0	21.0	22.0	23.0	24.0	25.0	26.0	27.0	28.0	29.0	30.0	31.0	32.0	33.0	34.0	35.0	36.0	37.0
C3M_T05_2	3.0	23.0	79.0	246.0	347.0	428.0	530.0	699.0	999.0	1524.0	2670.0	4956.0	8120.0	12170.0	17899.0	25783.0	37337.0	54796.0	81162.0	127435.0	205054.0	367256.0	686315.0	1318047.0	1264548.0	18975.0
	16.0	17.0	18.0	19.0	20.0	21.0	22.0	23.0	24.0	25.0	26.0	27.0	28.0	29.0	30.0	31.0	32.0	33.0	34.0	35.0	36.0	37.0
C3M_T10_1	1.0	0.0	3.0	19.0	48.0	148.0	433.0	1047.0	2594.0	5550.0	10603.0	19328.0	31325.0	49009.0	72420.0	117283.0	219449.0	219122.0	323118.0	836679.0	2232292.0	31397.0
	12.0	13.0	14.0	15.0	16.0	17.0	18.0	19.0	20.0	21.0	22.0	23.0	24.0	25.0	26.0	27.0	28.0	29.0	30.0	31.0	32.0	33.0	34.0	35.0	36.0	37.0
C3M_T10_2	1.0	28.0	117.0	269.0	450.0	599.0	681.0	942.0	1142.0	1665.0	2914.0	5072.0	7748.0	12431.0	18099.0	26203.0	37818.0	54981.0	80360.0	124336.0	195680.0	339978.0	635126.0	1275271.0	1330154.0	19803.0
	14.0	15.0	16.0	17.0	18.0	19.0	20.0	21.0	22.0	23.0	24.0	25.0	26.0	27.0	28.0	29.0	30.0	31.0	32.0	33.0	34.0	35.0	36.0	37.0
C3M_T15_1	1.0	0.0	1.0	0.0	2.0	19.0	61.0	171.0	524.0	1307.0	3064.0	6751.0	12790.0	22971.0	37234.0	58704.0	87405.0	142928.0	270527.0	272062.0	413285.0	1077456.0	2712032.0	35199.0
	12.0	13.0	14.0	15.0	16.0	17.0	18.0	19.0	20.0	21.0	22.0	23.0	24.0	25.0	26.0	27.0	28.0	29.0	30.0	31.0	32.0	33.0	34.0	35.0	36.0	37.0
C3M_T15_2	4.0	32.0	138.0	346.0	544.0	740.0	1127.0	1735.0	2591.0	3813.0	5657.0	8908.0	13779.0	20451.0	28297.0	40616.0	56094.0	80042.0	116660.0	177121.0	276001.0	469636.0	833244.0	1544301.0	1451200.0	21417.0
	17.0	18.0	19.0	20.0	21.0	22.0	23.0	24.0	25.0	26.0	27.0	28.0	29.0	30.0	31.0	32.0	33.0	34.0	35.0	36.0	37.0
C3M_T20_1	3.0	7.0	15.0	40.0	141.0	368.0	928.0	2170.0	4627.0	8721.0	16242.0	27233.0	43255.0	64464.0	96051.0	141283.0	247860.0	423964.0	980690.0	2176214.0	25119.0
	12.0	13.0	14.0	15.0	16.0	17.0	18.0	19.0	20.0	21.0	22.0	23.0	24.0	25.0	26.0	27.0	28.0	29.0	30.0	31.0	32.0	33.0	34.0	35.0	36.0	37.0
C3M_T20_2	1.0	31.0	94.0	271.0	460.0	600.0	861.0	1274.0	1949.0	2913.0	4544.0	6988.0	10048.0	14381.0	19725.0	28176.0	40189.0	58349.0	86166.0	134410.0	213150.0	365767.0	663402.0	1280514.0	1306220.0	18912.0
	17.0	18.0	19.0	20.0	21.0	22.0	23.0	24.0	25.0	26.0	27.0	28.0	29.0	30.0	31.0	32.0	33.0	34.0	35.0	36.0	37.0
Host_DP05_rep1_1	3.0	7.0	26.0	97.0	277.0	689.0	1649.0	3605.0	7227.0	12941.0	22409.0	34784.0	52837.0	73341.0	104540.0	146834.0	240402.0	418578.0	902531.0	1885336.0	23591.0
	12.0	13.0	14.0	15.0	16.0	17.0	18.0	19.0	20.0	21.0	22.0	23.0	24.0	25.0	26.0	27.0	28.0	29.0	30.0	31.0	32.0	33.0	34.0	35.0	36.0	37.0
Host_DP05_rep1_2	1.0	24.0	103.0	244.0	449.0	627.0	974.0	1571.0	2467.0	3631.0	5366.0	8183.0	11986.0	17271.0	23386.0	32670.0	44648.0	62807.0	88119.0	131824.0	197778.0	325292.0	569683.0	1121655.0	1260094.0	20851.0
	17.0	18.0	19.0	20.0	21.0	22.0	23.0	24.0	25.0	26.0	27.0	28.0	29.0	30.0	31.0	32.0	33.0	34.0	35.0	36.0	37.0
Host_DP05_rep2_1	3.0	6.0	25.0	82.0	246.0	586.0	1430.0	3193.0	6443.0	11531.0	20399.0	32126.0	48746.0	68669.0	97427.0	135765.0	218925.0	393804.0	880548.0	1842844.0	22105.0
	12.0	13.0	14.0	15.0	16.0	17.0	18.0	19.0	20.0	21.0	22.0	23.0	24.0	25.0	26.0	27.0	28.0	29.0	30.0	31.0	32.0	33.0	34.0	35.0	36.0	37.0
Host_DP05_rep2_2	2.0	22.0	99.0	294.0	399.0	535.0	703.0	1291.0	2086.0	3125.0	4815.0	7596.0	11050.0	15340.0	20545.0	28904.0	39726.0	55709.0	79323.0	118478.0	180845.0	302121.0	542543.0	1096748.0	1250183.0	22421.0
	17.0	18.0	19.0	20.0	21.0	22.0	23.0	24.0	25.0	26.0	27.0	28.0	29.0	30.0	31.0	32.0	33.0	34.0	35.0	36.0	37.0
Host_DP05_rep3_1	1.0	10.0	46.0	130.0	321.0	790.0	1797.0	3780.0	7665.0	13727.0	24271.0	39694.0	61728.0	90091.0	132772.0	191643.0	322569.0	561841.0	1238427.0	2560639.0	32005.0
	13.0	14.0	15.0	16.0	17.0	18.0	19.0	20.0	21.0	22.0	23.0	24.0	25.0	26.0	27.0	28.0	29.0	30.0	31.0	32.0	33.0	34.0	35.0	36.0	37.0
Host_DP05_rep3_2	45.0	165.0	412.0	747.0	947.0	1319.0	1943.0	2993.0	4379.0	6450.0	9933.0	14338.0	20195.0	27702.0	39235.0	53906.0	77525.0	110841.0	167895.0	257636.0	433733.0	777165.0	1549316.0	1698484.0	26643.0
	15.0	16.0	17.0	18.0	19.0	20.0	21.0	22.0	23.0	24.0	25.0	26.0	27.0	28.0	29.0	30.0	31.0	32.0	33.0	34.0	35.0	36.0	37.0
Host_DP12_rep1_1	1.0	0.0	8.0	22.0	57.0	161.0	350.0	856.0	1906.0	4052.0	7857.0	14527.0	25617.0	40697.0	62423.0	90116.0	129096.0	182452.0	295382.0	533927.0	1187739.0	2598372.0	35029.0
	12.0	13.0	14.0	15.0	16.0	17.0	18.0	19.0	20.0	21.0	22.0	23.0	24.0	25.0	26.0	27.0	28.0	29.0	30.0	31.0	32.0	33.0	34.0	35.0	36.0	37.0
Host_DP12_rep1_2	2.0	25.0	149.0	338.0	590.0	765.0	1120.0	1870.0	2953.0	4202.0	6280.0	9759.0	14157.0	19777.0	27396.0	38198.0	52470.0	74247.0	105226.0	158198.0	241444.0	401673.0	722214.0	1496494.0	1798656.0	32444.0
	16.0	17.0	18.0	19.0	20.0	21.0	22.0	23.0	24.0	25.0	26.0	27.0	28.0	29.0	30.0	31.0	32.0	33.0	34.0	35.0	36.0	37.0
Host_DP12_rep2_1	1.0	7.0	11.0	59.0	127.0	327.0	702.0	1598.0	3233.0	6669.0	11577.0	20211.0	32558.0	50557.0	73222.0	108551.0	168015.0	293760.0	410262.0	902232.0	1959747.0	24486.0
	12.0	13.0	14.0	15.0	16.0	17.0	18.0	19.0	20.0	21.0	22.0	23.0	24.0	25.0	26.0	27.0	28.0	29.0	30.0	31.0	32.0	33.0	34.0	35.0	36.0	37.0
Host_DP12_rep2_2	2.0	22.0	85.0	302.0	419.0	639.0	918.0	1460.0	2340.0	3506.0	5382.0	8251.0	11758.0	16721.0	22494.0	31811.0	43228.0	61755.0	88261.0	133655.0	202123.0	336543.0	595475.0	1177726.0	1301476.0	21560.0
	16.0	17.0	18.0	19.0	20.0	21.0	22.0	23.0	24.0	25.0	26.0	27.0	28.0	29.0	30.0	31.0	32.0	33.0	34.0	35.0	36.0	37.0
Host_DP12_rep3_1	1.0	1.0	18.0	54.0	183.0	394.0	808.0	2031.0	4296.0	8475.0	15357.0	26559.0	41331.0	62137.0	87420.0	124771.0	181255.0	314850.0	481492.0	1045558.0	2412828.0	33507.0
	12.0	13.0	14.0	15.0	16.0	17.0	18.0	19.0	20.0	21.0	22.0	23.0	24.0	25.0	26.0	27.0	28.0	29.0	30.0	31.0	32.0	33.0	34.0	35.0	36.0	37.0
Host_DP12_rep3_2	4.0	37.0	159.0	360.0	535.0	777.0	1192.0	1941.0	2888.0	4356.0	6552.0	10226.0	14928.0	21200.0	28767.0	40561.0	55190.0	78011.0	109095.0	163417.0	244759.0	404582.0	712829.0	1397706.0	1518897.0	24357.0
	15.0	16.0	17.0	18.0	19.0	20.0	21.0	22.0	23.0	24.0	25.0	26.0	27.0	28.0	29.0	30.0	31.0	32.0	33.0	34.0	35.0	36.0	37.0
Host_DP15_rep1_1	1.0	0.0	2.0	18.0	46.0	118.0	343.0	756.0	1778.0	3669.0	7587.0	13517.0	23362.0	36590.0	55415.0	79546.0	112632.0	163868.0	285974.0	441159.0	966753.0	2140837.0	27622.0
	12.0	13.0	14.0	15.0	16.0	17.0	18.0	19.0	20.0	21.0	22.0	23.0	24.0	25.0	26.0	27.0	28.0	29.0	30.0	31.0	32.0	33.0	34.0	35.0	36.0	37.0
Host_DP15_rep1_2	2.0	26.0	119.0	265.0	504.0	708.0	1048.0	1759.0	2612.0	3955.0	5704.0	8859.0	12885.0	18534.0	25253.0	35332.0	48587.0	68592.0	97250.0	145927.0	221887.0	368940.0	650433.0	1269716.0	1351433.0	21263.0
	15.0	16.0	17.0	18.0	19.0	20.0	21.0	22.0	23.0	24.0	25.0	26.0	27.0	28.0	29.0	30.0	31.0	32.0	33.0	34.0	35.0	36.0	37.0
Host_DP15_rep2_1	1.0	5.0	7.0	16.0	62.0	175.0	426.0	955.0	2345.0	4893.0	9792.0	17770.0	30355.0	48069.0	73548.0	107309.0	166497.0	307477.0	356956.0	519479.0	1266307.0	2762946.0	34154.0
	11.0	12.0	13.0	14.0	15.0	16.0	17.0	18.0	19.0	20.0	21.0	22.0	23.0	24.0	25.0	26.0	27.0	28.0	29.0	30.0	31.0	32.0	33.0	34.0	35.0	36.0	37.0
Host_DP15_rep2_2	1.0	1.0	35.0	129.0	377.0	594.0	846.0	1311.0	2034.0	3267.0	4871.0	7163.0	11257.0	16343.0	23751.0	32958.0	45454.0	63269.0	89174.0	128678.0	193358.0	296131.0	493478.0	864248.0	1647753.0	1747935.0	35128.0
	16.0	17.0	18.0	19.0	20.0	21.0	22.0	23.0	24.0	25.0	26.0	27.0	28.0	29.0	30.0	31.0	32.0	33.0	34.0	35.0	36.0	37.0
Host_DP15_rep3_1	2.0	6.0	15.0	58.0	152.0	433.0	925.0	2091.0	4388.0	8854.0	15634.0	27572.0	43711.0	67625.0	97714.0	144717.0	242984.0	370990.0	506159.0	1214568.0	2764650.0	35097.0
	12.0	13.0	14.0	15.0	16.0	17.0	18.0	19.0	20.0	21.0	22.0	23.0	24.0	25.0	26.0	27.0	28.0	29.0	30.0	31.0	32.0	33.0	34.0	35.0	36.0	37.0
Host_DP15_rep3_2	3.0	34.0	146.0	456.0	743.0	998.0	1415.0	2207.0	3311.0	4736.0	6983.0	10924.0	15625.0	22765.0	31003.0	43281.0	59653.0	85266.0	120767.0	182861.0	281603.0	470377.0	836258.0	1622903.0	1711214.0	32813.0
	16.0	17.0	18.0	19.0	20.0	21.0	22.0	23.0	24.0	25.0	26.0	27.0	28.0	29.0	30.0	31.0	32.0	33.0	34.0	35.0	36.0	37.0
Host_Mix_rep1_1	2.0	3.0	13.0	45.0	133.0	391.0	1049.0	2496.0	5417.0	11189.0	20019.0	34809.0	54773.0	82802.0	116699.0	165027.0	232238.0	384287.0	671566.0	1493149.0	3292282.0	42278.0
	12.0	13.0	14.0	15.0	16.0	17.0	18.0	19.0	20.0	21.0	22.0	23.0	24.0	25.0	26.0	27.0	28.0	29.0	30.0	31.0	32.0	33.0	34.0	35.0	36.0	37.0
Host_Mix_rep1_2	4.0	43.0	184.0	406.0	666.0	913.0	1394.0	2063.0	3222.0	4731.0	7323.0	11769.0	17928.0	25919.0	36028.0	50745.0	70011.0	99375.0	142670.0	213033.0	327312.0	545132.0	975018.0	1915892.0	2114956.0	43930.0
	16.0	17.0	18.0	19.0	20.0	21.0	22.0	23.0	24.0	25.0	26.0	27.0	28.0	29.0	30.0	31.0	32.0	33.0	34.0	35.0	36.0	37.0
Host_Mix_rep2_1	1.0	1.0	9.0	55.0	139.0	338.0	779.0	1818.0	3808.0	7951.0	14547.0	25993.0	42421.0	66316.0	96893.0	142840.0	209126.0	343826.0	637475.0	1358441.0	1641160.0	8073.0
	12.0	13.0	14.0	15.0	16.0	17.0	18.0	19.0	20.0	21.0	22.0	23.0	24.0	25.0	26.0	27.0	28.0	29.0	30.0	31.0	32.0	33.0	34.0	35.0	36.0	37.0
Host_Mix_rep2_2	5.0	29.0	145.0	312.0	543.0	864.0	1800.0	3574.0	6003.0	9194.0	13103.0	19298.0	27202.0	38222.0	51313.0	71502.0	96900.0	136136.0	191961.0	282729.0	413485.0	629068.0	913181.0	1106216.0	582742.0	6483.0
	16.0	17.0	18.0	19.0	20.0	21.0	22.0	23.0	24.0	25.0	26.0	27.0	28.0	29.0	30.0	31.0	32.0	33.0	34.0	35.0	36.0	37.0
Host_Mix_rep3_1	2.0	3.0	9.0	45.0	126.0	338.0	848.0	1990.0	4193.0	8686.0	15986.0	27869.0	44873.0	68905.0	97653.0	141051.0	203472.0	342871.0	573000.0	1275226.0	2694017.0	31621.0
	12.0	13.0	14.0	15.0	16.0	17.0	18.0	19.0	20.0	21.0	22.0	23.0	24.0	25.0	26.0	27.0	28.0	29.0	30.0	31.0	32.0	33.0	34.0	35.0	36.0	37.0
Host_Mix_rep3_2	5.0	40.0	148.0	379.0	620.0	901.0	1387.0	2313.0	3681.0	5436.0	8369.0	12671.0	18340.0	25934.0	35159.0	49400.0	67819.0	95149.0	135225.0	201245.0	302174.0	497462.0	852378.0	1575476.0	1610106.0	30967.0
	16.0	17.0	18.0	19.0	20.0	21.0	22.0	23.0	24.0	25.0	26.0	27.0	28.0	29.0	30.0	31.0	32.0	33.0	34.0	35.0	36.0	37.0
Phage_Bill_rep1_1	1.0	0.0	1.0	9.0	31.0	99.0	335.0	891.0	2368.0	5449.0	10693.0	19311.0	31990.0	49883.0	70362.0	100872.0	142809.0	237018.0	425486.0	979756.0	2149566.0	24602.0
	11.0	12.0	13.0	14.0	15.0	16.0	17.0	18.0	19.0	20.0	21.0	22.0	23.0	24.0	25.0	26.0	27.0	28.0	29.0	30.0	31.0	32.0	33.0	34.0	35.0	36.0	37.0
Phage_Bill_rep1_2	1.0	0.0	22.0	96.0	218.0	362.0	521.0	625.0	846.0	1131.0	1859.0	2965.0	4948.0	7465.0	10892.0	15596.0	22376.0	32548.0	47885.0	70199.0	109963.0	174988.0	306658.0	581374.0	1256471.0	1567536.0	33987.0
	17.0	18.0	19.0	20.0	21.0	22.0	23.0	24.0	25.0	26.0	27.0	28.0	29.0	30.0	31.0	32.0	33.0	34.0	35.0	36.0	37.0
Phage_Bill_rep2_1	1.0	0.0	3.0	15.0	54.0	197.0	567.0	1595.0	3593.0	7413.0	14008.0	23617.0	37080.0	54736.0	79476.0	113037.0	183555.0	342165.0	859203.0	2031786.0	25267.0
	12.0	13.0	14.0	15.0	16.0	17.0	18.0	19.0	20.0	21.0	22.0	23.0	24.0	25.0	26.0	27.0	28.0	29.0	30.0	31.0	32.0	33.0	34.0	35.0	36.0	37.0
Phage_Bill_rep2_2	1.0	23.0	107.0	212.0	381.0	428.0	620.0	1001.0	1478.0	2354.0	3410.0	5393.0	8206.0	11778.0	16328.0	23032.0	32167.0	46993.0	68090.0	104823.0	165703.0	287692.0	537851.0	1124444.0	1310741.0	24112.0
	19.0	20.0	21.0	22.0	23.0	24.0	25.0	26.0	27.0	28.0	29.0	30.0	31.0	32.0	33.0	34.0	35.0	36.0	37.0
Phage_Bill_rep3_1	3.0	37.0	74.0	274.0	732.0	1877.0	4342.0	8953.0	17465.0	30554.0	49742.0	75097.0	110535.0	159273.0	262480.0	469188.0	1156529.0	3047185.0	45732.0
	12.0	13.0	14.0	15.0	16.0	17.0	18.0	19.0	20.0	21.0	22.0	23.0	24.0	25.0	26.0	27.0	28.0	29.0	30.0	31.0	32.0	33.0	34.0	35.0	36.0	37.0
Phage_Bill_rep3_2	4.0	35.0	170.0	358.0	641.0	825.0	1071.0	1269.0	1891.0	2905.0	4360.0	6992.0	10842.0	15724.0	22262.0	32255.0	45328.0	66453.0	97209.0	150315.0	236454.0	413210.0	779616.0	1638102.0	1879166.0	32615.0
	15.0	16.0	17.0	18.0	19.0	20.0	21.0	22.0	23.0	24.0	25.0	26.0	27.0	28.0	29.0	30.0	31.0	32.0	33.0	34.0	35.0	36.0	37.0
Phage_Bob_rep1_1	3.0	3.0	11.0	31.0	25.0	59.0	192.0	465.0	1122.0	2665.0	5826.0	11178.0	19273.0	31860.0	49763.0	71664.0	103829.0	147274.0	239491.0	446276.0	1016339.0	2584726.0	38809.0
	12.0	13.0	14.0	15.0	16.0	17.0	18.0	19.0	20.0	21.0	22.0	23.0	24.0	25.0	26.0	27.0	28.0	29.0	30.0	31.0	32.0	33.0	34.0	35.0	36.0	37.0
Phage_Bob_rep1_2	1.0	17.0	105.0	257.0	453.0	627.0	717.0	907.0	1191.0	1744.0	2738.0	4560.0	6957.0	10099.0	14135.0	20730.0	29852.0	44313.0	65716.0	103217.0	166266.0	299145.0	596723.0	1412266.0	1941533.0	46615.0
	15.0	16.0	17.0	18.0	19.0	20.0	21.0	22.0	23.0	24.0	25.0	26.0	27.0	28.0	29.0	30.0	31.0	32.0	33.0	34.0	35.0	36.0	37.0
Phage_Bob_rep2_1	1.0	1.0	8.0	12.0	30.0	71.0	200.0	504.0	1315.0	3142.0	6796.0	13032.0	23459.0	37742.0	58651.0	86230.0	127341.0	198230.0	359176.0	482351.0	1084655.0	2745253.0	36790.0
	12.0	13.0	14.0	15.0	16.0	17.0	18.0	19.0	20.0	21.0	22.0	23.0	24.0	25.0	26.0	27.0	28.0	29.0	30.0	31.0	32.0	33.0	34.0	35.0	36.0	37.0
Phage_Bob_rep2_2	3.0	24.0	107.0	313.0	476.0	680.0	775.0	1008.0	1334.0	1935.0	2944.0	5093.0	7845.0	11931.0	17222.0	25446.0	36734.0	53972.0	79907.0	125839.0	203602.0	363118.0	710995.0	1583517.0	1987055.0	43115.0
	16.0	17.0	18.0	19.0	20.0	21.0	22.0	23.0	24.0	25.0	26.0	27.0	28.0	29.0	30.0	31.0	32.0	33.0	34.0	35.0	36.0	37.0
Phage_Bob_rep3_1	5.0	10.0	9.0	17.0	61.0	200.0	527.0	1322.0	3184.0	6732.0	12965.0	23054.0	36581.0	55844.0	79339.0	114969.0	168837.0	305197.0	463112.0	1028626.0	2699985.0	39535.0
	12.0	13.0	14.0	15.0	16.0	17.0	18.0	19.0	20.0	21.0	22.0	23.0	24.0	25.0	26.0	27.0	28.0	29.0	30.0	31.0	32.0	33.0	34.0	35.0	36.0	37.0
Phage_Bob_rep3_2	1.0	26.0	128.0	294.0	504.0	604.0	792.0	983.0	1402.0	2031.0	3139.0	5268.0	8248.0	12624.0	18116.0	25832.0	36944.0	54341.0	79166.0	124244.0	199453.0	354957.0	693387.0	1525644.0	1852367.0	39616.0
	16.0	17.0	18.0	19.0	20.0	21.0	22.0	23.0	24.0	25.0	26.0	27.0	28.0	29.0	30.0	31.0	32.0	33.0	34.0	35.0	36.0	37.0
Phage_CCS4_rep1_1	6.0	6.0	9.0	26.0	71.0	182.0	471.0	1159.0	2800.0	6232.0	12044.0	22089.0	35943.0	56309.0	81038.0	115834.0	163500.0	272804.0	483412.0	1105251.0	2708321.0	37693.0
	12.0	13.0	14.0	15.0	16.0	17.0	18.0	19.0	20.0	21.0	22.0	23.0	24.0	25.0	26.0	27.0	28.0	29.0	30.0	31.0	32.0	33.0	34.0	35.0	36.0	37.0
Phage_CCS4_rep1_2	1.0	26.0	119.0	323.0	488.0	627.0	757.0	1044.0	1427.0	2131.0	3256.0	5621.0	8725.0	13142.0	18744.0	27877.0	39460.0	58529.0	86109.0	135355.0	215675.0	382730.0	731949.0	1551800.0	1785518.0	33767.0
	14.0	15.0	16.0	17.0	18.0	19.0	20.0	21.0	22.0	23.0	24.0	25.0	26.0	27.0	28.0	29.0	30.0	31.0	32.0	33.0	34.0	35.0	36.0	37.0
Phage_CCS4_rep2_1	1.0	1.0	1.0	2.0	6.0	17.0	48.0	148.0	363.0	906.0	2096.0	4753.0	9189.0	16872.0	27376.0	41788.0	60119.0	85511.0	118989.0	189730.0	353138.0	841480.0	1963518.0	26761.0
	12.0	13.0	14.0	15.0	16.0	17.0	18.0	19.0	20.0	21.0	22.0	23.0	24.0	25.0	26.0	27.0	28.0	29.0	30.0	31.0	32.0	33.0	34.0	35.0	36.0	37.0
Phage_CCS4_rep2_2	2.0	13.0	85.0	192.0	343.0	474.0	624.0	829.0	1105.0	1555.0	2614.0	4216.0	6629.0	9808.0	13817.0	19861.0	28568.0	41684.0	60741.0	95096.0	152574.0	269455.0	515909.0	1120437.0	1369885.0	26297.0
	15.0	16.0	17.0	18.0	19.0	20.0	21.0	22.0	23.0	24.0	25.0	26.0	27.0	28.0	29.0	30.0	31.0	32.0	33.0	34.0	35.0	36.0	37.0
Phage_CCS4_rep3_1	1.0	4.0	8.0	7.0	32.0	72.0	160.0	479.0	1034.0	2485.0	5527.0	10670.0	19891.0	32350.0	51083.0	74392.0	107299.0	154827.0	266286.0	444224.0	1018093.0	2480905.0	33014.0
	12.0	13.0	14.0	15.0	16.0	17.0	18.0	19.0	20.0	21.0	22.0	23.0	24.0	25.0	26.0	27.0	28.0	29.0	30.0	31.0	32.0	33.0	34.0	35.0	36.0	37.0
Phage_CCS4_rep3_2	2.0	25.0	152.0	335.0	439.0	643.0	851.0	1148.0	1669.0	2438.0	3785.0	6155.0	9482.0	13670.0	19472.0	28614.0	40659.0	60054.0	87955.0	137249.0	217554.0	380165.0	709272.0	1424900.0	1530071.0	26084.0
	15.0	16.0	17.0	18.0	19.0	20.0	21.0	22.0	23.0	24.0	25.0	26.0	27.0	28.0	29.0	30.0	31.0	32.0	33.0	34.0	35.0	36.0	37.0
Phage_Car_rep1_1	3.0	3.0	11.0	16.0	34.0	61.0	205.0	448.0	1189.0	2781.0	6225.0	11969.0	21511.0	34331.0	52829.0	75507.0	109430.0	160912.0	293884.0	439870.0	961978.0	2546125.0	37812.0
	12.0	13.0	14.0	15.0	16.0	17.0	18.0	19.0	20.0	21.0	22.0	23.0	24.0	25.0	26.0	27.0	28.0	29.0	30.0	31.0	32.0	33.0	34.0	35.0	36.0	37.0
Phage_Car_rep1_2	4.0	27.0	116.0	265.0	457.0	528.0	716.0	938.0	1318.0	1902.0	3084.0	4974.0	7605.0	11583.0	16341.0	23808.0	34409.0	50289.0	73678.0	115823.0	185441.0	331415.0	643710.0	1432418.0	1777595.0	38690.0
	15.0	16.0	17.0	18.0	19.0	20.0	21.0	22.0	23.0	24.0	25.0	26.0	27.0	28.0	29.0	30.0	31.0	32.0	33.0	34.0	35.0	36.0	37.0
Phage_Car_rep2_1	1.0	5.0	8.0	17.0	31.0	64.0	218.0	482.0	1151.0	2576.0	5661.0	10508.0	19010.0	30854.0	48069.0	72648.0	117673.0	236288.0	254083.0	340797.0	855421.0	2316355.0	35142.0
	12.0	13.0	14.0	15.0	16.0	17.0	18.0	19.0	20.0	21.0	22.0	23.0	24.0	25.0	26.0	27.0	28.0	29.0	30.0	31.0	32.0	33.0	34.0	35.0	36.0	37.0
Phage_Car_rep2_2	3.0	24.0	103.0	265.0	422.0	508.0	616.0	816.0	1086.0	1642.0	2555.0	4078.0	6358.0	9569.0	13902.0	20517.0	29642.0	44083.0	66227.0	103914.0	169348.0	305007.0	596924.0	1319723.0	1617628.0	32102.0
	14.0	15.0	16.0	17.0	18.0	19.0	20.0	21.0	22.0	23.0	24.0	25.0	26.0	27.0	28.0	29.0	30.0	31.0	32.0	33.0	34.0	35.0	36.0	37.0
Phage_Car_rep3_1	2.0	3.0	5.0	17.0	20.0	32.0	79.0	197.0	486.0	1163.0	2625.0	5557.0	10757.0	19787.0	32226.0	50724.0	74023.0	113818.0	206302.0	318423.0	392055.0	944569.0	2568692.0	38846.0
	13.0	14.0	15.0	16.0	17.0	18.0	19.0	20.0	21.0	22.0	23.0	24.0	25.0	26.0	27.0	28.0	29.0	30.0	31.0	32.0	33.0	34.0	35.0	36.0	37.0
Phage_Car_rep3_2	36.0	130.0	325.0	570.0	754.0	900.0	1111.0	1400.0	1971.0	3018.0	4880.0	7081.0	10805.0	15710.0	22995.0	32707.0	48645.0	73219.0	115021.0	185780.0	334174.0	656211.0	1452767.0	1775297.0	34901.0
	16.0	17.0	18.0	19.0	20.0	21.0	22.0	23.0	24.0	25.0	26.0	27.0	28.0	29.0	30.0	31.0	32.0	33.0	34.0	35.0	36.0	37.0
Phage_Cousins_rep1_1	2.0	19.0	25.0	34.0	66.0	196.0	506.0	1242.0	2905.0	6291.0	12037.0	21648.0	35037.0	53822.0	77171.0	111703.0	165797.0	301824.0	459550.0	1018987.0	2662569.0	39285.0
	12.0	13.0	14.0	15.0	16.0	17.0	18.0	19.0	20.0	21.0	22.0	23.0	24.0	25.0	26.0	27.0	28.0	29.0	30.0	31.0	32.0	33.0	34.0	35.0	36.0	37.0
Phage_Cousins_rep1_2	4.0	25.0	127.0	309.0	484.0	646.0	741.0	1033.0	1458.0	2076.0	3204.0	5506.0	8370.0	12240.0	17274.0	25275.0	35504.0	52254.0	76613.0	120444.0	194740.0	347402.0	675662.0	1495516.0	1856627.0	37182.0
	16.0	17.0	18.0	19.0	20.0	21.0	22.0	23.0	24.0	25.0	26.0	27.0	28.0	29.0	30.0	31.0	32.0	33.0	34.0	35.0	36.0	37.0
Phage_Cousins_rep2_1	1.0	8.0	7.0	22.0	47.0	121.0	385.0	1000.0	2107.0	4640.0	8729.0	14720.0	23214.0	35127.0	50997.0	85629.0	186806.0	175482.0	195139.0	443925.0	1251511.0	19996.0
	12.0	13.0	14.0	15.0	16.0	17.0	18.0	19.0	20.0	21.0	22.0	23.0	24.0	25.0	26.0	27.0	28.0	29.0	30.0	31.0	32.0	33.0	34.0	35.0	36.0	37.0
Phage_Cousins_rep2_2	1.0	8.0	41.0	119.0	206.0	273.0	268.0	331.0	346.0	508.0	935.0	1632.0	2690.0	3971.0	5943.0	8975.0	13272.0	19593.0	29398.0	45889.0	74688.0	134563.0	279067.0	726212.0	1127582.0	23102.0
	15.0	16.0	17.0	18.0	19.0	20.0	21.0	22.0	23.0	24.0	25.0	26.0	27.0	28.0	29.0	30.0	31.0	32.0	33.0	34.0	35.0	36.0	37.0
Phage_Cousins_rep3_1	3.0	1.0	9.0	35.0	39.0	89.0	153.0	461.0	1199.0	2709.0	5953.0	11290.0	19970.0	32339.0	50527.0	74107.0	110342.0	194865.0	298631.0	377979.0	920565.0	2449448.0	35712.0
	12.0	13.0	14.0	15.0	16.0	17.0	18.0	19.0	20.0	21.0	22.0	23.0	24.0	25.0	26.0	27.0	28.0	29.0	30.0	31.0	32.0	33.0	34.0	35.0	36.0	37.0
Phage_Cousins_rep3_2	2.0	20.0	127.0	311.0	541.0	738.0	874.0	1087.0	1487.0	2209.0	3491.0	5892.0	9139.0	13084.0	18899.0	26929.0	37574.0	53775.0	78637.0	121384.0	191561.0	338133.0	650542.0	1389451.0	1615674.0	24865.0
	14.0	15.0	16.0	17.0	18.0	19.0	20.0	21.0	22.0	23.0	24.0	25.0	26.0	27.0	28.0	29.0	30.0	31.0	32.0	33.0	34.0	35.0	36.0	37.0
Phage_DP15_C1I_T20_1	1.0	1.0	1.0	3.0	12.0	27.0	80.0	213.0	572.0	1323.0	2918.0	6183.0	11624.0	20590.0	33524.0	52380.0	76368.0	110862.0	158256.0	257074.0	473742.0	1138124.0	2436075.0	27764.0
	12.0	13.0	14.0	15.0	16.0	17.0	18.0	19.0	20.0	21.0	22.0	23.0	24.0	25.0	26.0	27.0	28.0	29.0	30.0	31.0	32.0	33.0	34.0	35.0	36.0	37.0
Phage_DP15_C1I_T20_2	3.0	23.0	104.0	258.0	473.0	688.0	905.0	1425.0	1941.0	2950.0	4533.0	7258.0	10864.0	15459.0	21359.0	30342.0	42176.0	60250.0	87604.0	133224.0	208374.0	362157.0	676766.0	1427238.0	1684710.0	26633.0
	15.0	16.0	17.0	18.0	19.0	20.0	21.0	22.0	23.0	24.0	25.0	26.0	27.0	28.0	29.0	30.0	31.0	32.0	33.0	34.0	35.0	36.0	37.0
Phage_DP15_C1M_T20_1	1.0	1.0	5.0	12.0	19.0	95.0	236.0	551.0	1367.0	3215.0	6828.0	12993.0	22999.0	37576.0	58500.0	84107.0	120997.0	178996.0	301648.0	444857.0	1091199.0	2660504.0	32197.0
	12.0	13.0	14.0	15.0	16.0	17.0	18.0	19.0	20.0	21.0	22.0	23.0	24.0	25.0	26.0	27.0	28.0	29.0	30.0	31.0	32.0	33.0	34.0	35.0	36.0	37.0
Phage_DP15_C1M_T20_2	1.0	21.0	111.0	295.0	488.0	581.0	663.0	802.0	1087.0	1626.0	2950.0	5453.0	8744.0	13234.0	19292.0	27966.0	39653.0	57750.0	83609.0	129169.0	206053.0	369077.0	727075.0	1579227.0	1759393.0	24583.0
	15.0	16.0	17.0	18.0	19.0	20.0	21.0	22.0	23.0	24.0	25.0	26.0	27.0	28.0	29.0	30.0	31.0	32.0	33.0	34.0	35.0	36.0	37.0
Phage_DP15_C2I_T20_1	1.0	2.0	2.0	21.0	44.0	125.0	317.0	743.0	1800.0	3868.0	7821.0	14742.0	25797.0	40781.0	61459.0	87027.0	124187.0	175889.0	291033.0	482279.0	1182555.0	2654811.0	30824.0
	11.0	12.0	13.0	14.0	15.0	16.0	17.0	18.0	19.0	20.0	21.0	22.0	23.0	24.0	25.0	26.0	27.0	28.0	29.0	30.0	31.0	32.0	33.0	34.0	35.0	36.0	37.0
Phage_DP15_C2I_T20_2	1.0	3.0	32.0	136.0	340.0	558.0	764.0	1136.0	1816.0	2671.0	3721.0	5797.0	9677.0	14807.0	21764.0	30177.0	42761.0	58200.0	82180.0	116786.0	176112.0	270688.0	457371.0	820183.0	1548899.0	1501155.0	18393.0
	14.0	15.0	16.0	17.0	18.0	19.0	20.0	21.0	22.0	23.0	24.0	25.0	26.0	27.0	28.0	29.0	30.0	31.0	32.0	33.0	34.0	35.0	36.0	37.0
Phage_DP15_C2M_T20_1	1.0	0.0	1.0	1.0	5.0	24.0	68.0	181.0	466.0	1218.0	2883.0	6326.0	12061.0	21888.0	35227.0	54239.0	78136.0	112293.0	162187.0	275021.0	452166.0	1102965.0	2535867.0	30319.0
	12.0	13.0	14.0	15.0	16.0	17.0	18.0	19.0	20.0	21.0	22.0	23.0	24.0	25.0	26.0	27.0	28.0	29.0	30.0	31.0	32.0	33.0	34.0	35.0	36.0	37.0
Phage_DP15_C2M_T20_2	2.0	22.0	86.0	270.0	452.0	566.0	796.0	1140.0	1710.0	2452.0	4205.0	7006.0	10817.0	16245.0	23266.0	33203.0	47132.0	67341.0	97734.0	149475.0	232941.0	403520.0	740654.0	1474161.0	1547652.0	20695.0
	15.0	16.0	17.0	18.0	19.0	20.0	21.0	22.0	23.0	24.0	25.0	26.0	27.0	28.0	29.0	30.0	31.0	32.0	33.0	34.0	35.0	36.0	37.0
Phage_DP15_C3I_T20_1	1.0	2.0	0.0	8.0	19.0	75.0	180.0	425.0	1023.0	2328.0	4817.0	9162.0	15985.0	25992.0	40566.0	57341.0	85915.0	143744.0	172062.0	250104.0	649008.0	1748277.0	24151.0
	12.0	13.0	14.0	15.0	16.0	17.0	18.0	19.0	20.0	21.0	22.0	23.0	24.0	25.0	26.0	27.0	28.0	29.0	30.0	31.0	32.0	33.0	34.0	35.0	36.0	37.0
Phage_DP15_C3I_T20_2	1.0	18.0	80.0	166.0	281.0	386.0	372.0	431.0	468.0	862.0	1590.0	2986.0	5004.0	7769.0	11772.0	17456.0	25131.0	36657.0	52466.0	80307.0	127422.0	229181.0	466151.0	1037169.0	1112005.0	15054.0
	17.0	18.0	19.0	20.0	21.0	22.0	23.0	24.0	25.0	26.0	27.0	28.0	29.0	30.0	31.0	32.0	33.0	34.0	35.0	36.0	37.0
Phage_DP15_C3M_T20_1	1.0	4.0	21.0	60.0	178.0	387.0	920.0	2004.0	4189.0	8087.0	15065.0	25321.0	40193.0	60214.0	90465.0	141862.0	220753.0	347104.0	910793.0	2091225.0	23759.0
	13.0	14.0	15.0	16.0	17.0	18.0	19.0	20.0	21.0	22.0	23.0	24.0	25.0	26.0	27.0	28.0	29.0	30.0	31.0	32.0	33.0	34.0	35.0	36.0	37.0
Phage_DP15_C3M_T20_2	24.0	112.0	294.0	472.0	750.0	1021.0	1441.0	2094.0	2904.0	4358.0	6729.0	9806.0	14668.0	20523.0	29688.0	41848.0	59636.0	87106.0	132974.0	208696.0	360921.0	652465.0	1216785.0	1113900.0	13390.0
	14.0	15.0	16.0	17.0	18.0	19.0	20.0	21.0	22.0	23.0	24.0	25.0	26.0	27.0	28.0	29.0	30.0	31.0	32.0	33.0	34.0	35.0	36.0	37.0
Phage_DP15_S1I_T20_1	1.0	1.0	1.0	3.0	13.0	32.0	111.0	291.0	663.0	1714.0	3891.0	8250.0	15144.0	27363.0	43811.0	66677.0	95541.0	135903.0	190023.0	309985.0	549189.0	1289692.0	2998408.0	38008.0
	12.0	13.0	14.0	15.0	16.0	17.0	18.0	19.0	20.0	21.0	22.0	23.0	24.0	25.0	26.0	27.0	28.0	29.0	30.0	31.0	32.0	33.0	34.0	35.0	36.0	37.0
Phage_DP15_S1I_T20_2	3.0	26.0	141.0	334.0	598.0	870.0	1183.0	1727.0	2369.0	3669.0	5611.0	9185.0	14190.0	20871.0	29516.0	41985.0	57810.0	81902.0	117190.0	177646.0	274715.0	468856.0	859924.0	1721572.0	1855646.0	27176.0
	15.0	16.0	17.0	18.0	19.0	20.0	21.0	22.0	23.0	24.0	25.0	26.0	27.0	28.0	29.0	30.0	31.0	32.0	33.0	34.0	35.0	36.0	37.0
Phage_DP15_S1M_T20_1	1.0	4.0	3.0	6.0	23.0	63.0	182.0	425.0	1006.0	2354.0	5022.0	9614.0	17470.0	28055.0	43620.0	62395.0	89150.0	124748.0	195634.0	358594.0	912417.0	2027896.0	23204.0
	13.0	14.0	15.0	16.0	17.0	18.0	19.0	20.0	21.0	22.0	23.0	24.0	25.0	26.0	27.0	28.0	29.0	30.0	31.0	32.0	33.0	34.0	35.0	36.0	37.0
Phage_DP15_S1M_T20_2	27.0	103.0	210.0	392.0	596.0	970.0	1471.0	2164.0	3377.0	5076.0	8172.0	12609.0	18467.0	24936.0	35255.0	48496.0	69007.0	97899.0	149687.0	229816.0	386285.0	668605.0	1154888.0	972566.0	10812.0
	15.0	16.0	17.0	18.0	19.0	20.0	21.0	22.0	23.0	24.0	25.0	26.0	27.0	28.0	29.0	30.0	31.0	32.0	33.0	34.0	35.0	36.0	37.0
Phage_DP15_S2I_T20_1	1.0	5.0	4.0	9.0	24.0	80.0	245.0	587.0	1405.0	2970.0	6329.0	12293.0	21868.0	36241.0	55875.0	82233.0	117681.0	168414.0	278806.0	481911.0	1171039.0	2479114.0	26217.0
	12.0	13.0	14.0	15.0	16.0	17.0	18.0	19.0	20.0	21.0	22.0	23.0	24.0	25.0	26.0	27.0	28.0	29.0	30.0	31.0	32.0	33.0	34.0	35.0	36.0	37.0
Phage_DP15_S2I_T20_2	4.0	32.0	149.0	296.0	505.0	690.0	1001.0	1610.0	2381.0	3697.0	5665.0	9350.0	13863.0	20606.0	28299.0	40236.0	55541.0	79620.0	114575.0	173753.0	266651.0	451979.0	795423.0	1469208.0	1391141.0	17076.0
	15.0	16.0	17.0	18.0	19.0	20.0	21.0	22.0	23.0	24.0	25.0	26.0	27.0	28.0	29.0	30.0	31.0	32.0	33.0	34.0	35.0	36.0	37.0
Phage_DP15_S2M_T20_1	2.0	0.0	3.0	10.0	41.0	76.0	248.0	593.0	1314.0	3153.0	6611.0	12560.0	22077.0	34739.0	52690.0	74480.0	105292.0	146253.0	236611.0	421261.0	997900.0	2247072.0	27537.0
	12.0	13.0	14.0	15.0	16.0	17.0	18.0	19.0	20.0	21.0	22.0	23.0	24.0	25.0	26.0	27.0	28.0	29.0	30.0	31.0	32.0	33.0	34.0	35.0	36.0	37.0
Phage_DP15_S2M_T20_2	1.0	24.0	94.0	253.0	419.0	623.0	886.0	1418.0	2119.0	3153.0	4672.0	7377.0	11184.0	16717.0	23033.0	32295.0	44518.0	63213.0	89662.0	135194.0	207071.0	355095.0	644602.0	1293524.0	1432690.0	20686.0
	16.0	17.0	18.0	19.0	20.0	21.0	22.0	23.0	24.0	25.0	26.0	27.0	28.0	29.0	30.0	31.0	32.0	33.0	34.0	35.0	36.0	37.0
Phage_DP15_S3I_T20_1	1.0	5.0	7.0	17.0	59.0	166.0	409.0	1013.0	2304.0	5113.0	9970.0	17748.0	28600.0	43859.0	62235.0	89047.0	125237.0	201877.0	372118.0	901112.0	1880238.0	20399.0
	12.0	13.0	14.0	15.0	16.0	17.0	18.0	19.0	20.0	21.0	22.0	23.0	24.0	25.0	26.0	27.0	28.0	29.0	30.0	31.0	32.0	33.0	34.0	35.0	36.0	37.0
Phage_DP15_S3I_T20_2	1.0	24.0	79.0	209.0	369.0	532.0	730.0	1162.0	1914.0	2826.0	4139.0	6588.0	9863.0	13856.0	19170.0	27103.0	37197.0	52863.0	75365.0	114150.0	175781.0	300183.0	549720.0	1108985.0	1238787.0	19938.0
	16.0	17.0	18.0	19.0	20.0	21.0	22.0	23.0	24.0	25.0	26.0	27.0	28.0	29.0	30.0	31.0	32.0	33.0	34.0	35.0	36.0	37.0
Phage_DP15_S3M_T20_1	2.0	5.0	11.0	41.0	120.0	310.0	688.0	1616.0	3476.0	7228.0	13686.0	24621.0	40792.0	64875.0	95451.0	139837.0	200934.0	326312.0	586815.0	1468056.0	3160491.0	35677.0
	12.0	13.0	14.0	15.0	16.0	17.0	18.0	19.0	20.0	21.0	22.0	23.0	24.0	25.0	26.0	27.0	28.0	29.0	30.0	31.0	32.0	33.0	34.0	35.0	36.0	37.0
Phage_DP15_S3M_T20_2	3.0	36.0	156.0	495.0	738.0	920.0	1253.0	1723.0	2553.0	3880.0	6009.0	9490.0	14588.0	21974.0	30785.0	43729.0	61200.0	88682.0	128192.0	196044.0	306730.0	530724.0	972567.0	1883730.0	1843056.0	21787.0
	16.0	17.0	18.0	19.0	20.0	21.0	22.0	23.0	24.0	25.0	26.0	27.0	28.0	29.0	30.0	31.0	32.0	33.0	34.0	35.0	36.0	37.0
Phage_Sisters_rep1_1	2.0	4.0	8.0	26.0	52.0	162.0	358.0	984.0	2293.0	5179.0	9891.0	18156.0	30508.0	47763.0	70108.0	102152.0	144123.0	231463.0	428406.0	1034982.0	2608008.0	34977.0
	12.0	13.0	14.0	15.0	16.0	17.0	18.0	19.0	20.0	21.0	22.0	23.0	24.0	25.0	26.0	27.0	28.0	29.0	30.0	31.0	32.0	33.0	34.0	35.0	36.0	37.0
Phage_Sisters_rep1_2	3.0	20.0	96.0	264.0	434.0	503.0	530.0	674.0	839.0	1488.0	2744.0	4922.0	7106.0	10170.0	13526.0	19882.0	29297.0	43454.0	65764.0	104979.0	173496.0	320684.0	649746.0	1475147.0	1809064.0	34773.0
	14.0	15.0	16.0	17.0	18.0	19.0	20.0	21.0	22.0	23.0	24.0	25.0	26.0	27.0	28.0	29.0	30.0	31.0	32.0	33.0	34.0	35.0	36.0	37.0
Phage_Sisters_rep2_1	1.0	1.0	4.0	5.0	13.0	18.0	44.0	152.0	367.0	947.0	2206.0	4730.0	9448.0	17405.0	28637.0	45164.0	66631.0	98951.0	152953.0	270380.0	379851.0	897566.0	2333187.0	31954.0
	11.0	12.0	13.0	14.0	15.0	16.0	17.0	18.0	19.0	20.0	21.0	22.0	23.0	24.0	25.0	26.0	27.0	28.0	29.0	30.0	31.0	32.0	33.0	34.0	35.0	36.0	37.0
Phage_Sisters_rep2_2	1.0	5.0	28.0	89.0	257.0	422.0	527.0	598.0	767.0	1036.0	1488.0	2524.0	4302.0	6468.0	9433.0	13203.0	20026.0	28931.0	42396.0	63249.0	99913.0	162318.0	292912.0	584361.0	1316975.0	1656702.0	31684.0
	15.0	16.0	17.0	18.0	19.0	20.0	21.0	22.0	23.0	24.0	25.0	26.0	27.0	28.0	29.0	30.0	31.0	32.0	33.0	34.0	35.0	36.0	37.0
Phage_Sisters_rep3_1	2.0	5.0	3.0	16.0	21.0	62.0	135.0	393.0	1045.0	2448.0	5272.0	10337.0	18909.0	31177.0	48292.0	69721.0	100910.0	146379.0	256694.0	402425.0	947225.0	2603429.0	39132.0
	12.0	13.0	14.0	15.0	16.0	17.0	18.0	19.0	20.0	21.0	22.0	23.0	24.0	25.0	26.0	27.0	28.0	29.0	30.0	31.0	32.0	33.0	34.0	35.0	36.0	37.0
Phage_Sisters_rep3_2	4.0	24.0	109.0	260.0	443.0	550.0	689.0	850.0	1214.0	1648.0	2675.0	4707.0	7280.0	10612.0	15443.0	23092.0	32899.0	48668.0	71443.0	112522.0	180564.0	325555.0	644356.0	1430972.0	1735815.0	31638.0
	16.0	17.0	18.0	19.0	20.0	21.0	22.0	23.0	24.0	25.0	26.0	27.0	28.0	29.0	30.0	31.0	32.0	33.0	34.0	35.0	36.0	37.0
Phage_Ump_rep1_1	19.0	88.0	164.0	178.0	169.0	324.0	679.0	1494.0	2719.0	5026.0	8992.0	15747.0	24733.0	36625.0	51675.0	73633.0	103463.0	172024.0	298929.0	653723.0	1762333.0	30329.0
	11.0	12.0	13.0	14.0	15.0	16.0	17.0	18.0	19.0	20.0	21.0	22.0	23.0	24.0	25.0	26.0	27.0	28.0	29.0	30.0	31.0	32.0	33.0	34.0	35.0	36.0	37.0
Phage_Ump_rep1_2	1.0	3.0	34.0	95.0	250.0	377.0	489.0	643.0	1028.0	1513.0	2240.0	3279.0	4973.0	7206.0	9994.0	13330.0	18989.0	25663.0	36723.0	52558.0	80285.0	125836.0	214732.0	404790.0	906939.0	1300212.0	30884.0
	15.0	16.0	17.0	18.0	19.0	20.0	21.0	22.0	23.0	24.0	25.0	26.0	27.0	28.0	29.0	30.0	31.0	32.0	33.0	34.0	35.0	36.0	37.0
Phage_Ump_rep2_1	4.0	14.0	68.0	120.0	123.0	139.0	239.0	583.0	1225.0	2252.0	3913.0	7422.0	12632.0	20056.0	29852.0	42762.0	60672.0	86225.0	140554.0	254898.0	580036.0	1471899.0	22960.0
	12.0	13.0	14.0	15.0	16.0	17.0	18.0	19.0	20.0	21.0	22.0	23.0	24.0	25.0	26.0	27.0	28.0	29.0	30.0	31.0	32.0	33.0	34.0	35.0	36.0	37.0
Phage_Ump_rep2_2	2.0	29.0	93.0	214.0	319.0	420.0	560.0	891.0	1341.0	2142.0	3045.0	4602.0	6462.0	8806.0	11527.0	16028.0	21757.0	30822.0	43678.0	67545.0	106069.0	184128.0	348214.0	775770.0	1079368.0	24816.0
	15.0	16.0	17.0	18.0	19.0	20.0	21.0	22.0	23.0	24.0	25.0	26.0	27.0	28.0	29.0	30.0	31.0	32.0	33.0	34.0	35.0	36.0	37.0
Phage_Ump_rep3_1	3.0	21.0	88.0	218.0	223.0	288.0	441.0	827.0	1752.0	3085.0	5537.0	10038.0	18043.0	29274.0	45180.0	65970.0	96294.0	139304.0	232566.0	402890.0	917005.0	2509703.0	43995.0
	12.0	13.0	14.0	15.0	16.0	17.0	18.0	19.0	20.0	21.0	22.0	23.0	24.0	25.0	26.0	27.0	28.0	29.0	30.0	31.0	32.0	33.0	34.0	35.0	36.0	37.0
Phage_Ump_rep3_2	5.0	30.0	164.0	344.0	595.0	834.0	1052.0	1423.0	2066.0	3010.0	4376.0	6696.0	9329.0	13320.0	18322.0	25736.0	35477.0	50842.0	73476.0	113772.0	177342.0	308606.0	585865.0	1297061.0	1755860.0	37142.0
	15.0	16.0	17.0	18.0	19.0	20.0	21.0	22.0	23.0	24.0	25.0	26.0	27.0	28.0	29.0	30.0	31.0	32.0	33.0	34.0	35.0	36.0	37.0
S1I_T01_1	1.0	1.0	5.0	10.0	27.0	83.0	235.0	475.0	1224.0	2640.0	5834.0	11105.0	20021.0	33738.0	54863.0	84187.0	144513.0	249174.0	301939.0	509938.0	1119536.0	1102773.0	3087.0
	13.0	14.0	15.0	16.0	17.0	18.0	19.0	20.0	21.0	22.0	23.0	24.0	25.0	26.0	27.0	28.0	29.0	30.0	31.0	32.0	33.0	34.0	35.0	36.0	37.0
S1I_T01_2	24.0	93.0	193.0	397.0	479.0	577.0	805.0	1201.0	1755.0	2687.0	4180.0	6120.0	8541.0	11880.0	17706.0	25728.0	39040.0	59685.0	96159.0	157969.0	280732.0	533778.0	1106707.0	1266205.0	22768.0
	15.0	16.0	17.0	18.0	19.0	20.0	21.0	22.0	23.0	24.0	25.0	26.0	27.0	28.0	29.0	30.0	31.0	32.0	33.0	34.0	35.0	36.0	37.0
S1I_T02_1	2.0	0.0	5.0	14.0	23.0	68.0	223.0	595.0	1521.0	3513.0	7380.0	13906.0	24660.0	39648.0	61048.0	90738.0	145648.0	280218.0	280586.0	417853.0	1079776.0	2751064.0	36532.0
	12.0	13.0	14.0	15.0	16.0	17.0	18.0	19.0	20.0	21.0	22.0	23.0	24.0	25.0	26.0	27.0	28.0	29.0	30.0	31.0	32.0	33.0	34.0	35.0	36.0	37.0
S1I_T02_2	3.0	23.0	125.0	289.0	512.0	751.0	844.0	1180.0	1566.0	2291.0	3803.0	6463.0	9936.0	14299.0	20314.0	29739.0	42549.0	61999.0	91129.0	142888.0	228720.0	401605.0	767904.0	1604330.0	1773319.0	28440.0
	14.0	15.0	16.0	17.0	18.0	19.0	20.0	21.0	22.0	23.0	24.0	25.0	26.0	27.0	28.0	29.0	30.0	31.0	32.0	33.0	34.0	35.0	36.0	37.0
S1I_T03_1	1.0	0.0	1.0	1.0	10.0	14.0	62.0	190.0	546.0	1352.0	3282.0	6922.0	12845.0	22596.0	36180.0	55479.0	81992.0	132464.0	256117.0	257162.0	383022.0	985376.0	2427429.0	31202.0
	12.0	13.0	14.0	15.0	16.0	17.0	18.0	19.0	20.0	21.0	22.0	23.0	24.0	25.0	26.0	27.0	28.0	29.0	30.0	31.0	32.0	33.0	34.0	35.0	36.0	37.0
S1I_T03_2	3.0	30.0	111.0	315.0	488.0	717.0	869.0	1296.0	1776.0	2693.0	4095.0	6643.0	9987.0	14867.0	20532.0	29404.0	41244.0	60168.0	86730.0	133424.0	210303.0	364582.0	682304.0	1409879.0	1586746.0	25039.0
	18.0	19.0	20.0	21.0	22.0	23.0	24.0	25.0	26.0	27.0	28.0	29.0	30.0	31.0	32.0	33.0	34.0	35.0	36.0	37.0
S1I_T04_1	1.0	4.0	24.0	53.0	192.0	497.0	1193.0	2339.0	4025.0	6662.0	9954.0	14604.0	21339.0	39838.0	96158.0	63192.0	65412.0	133877.0	333622.0	5407.0
	14.0	15.0	16.0	17.0	18.0	19.0	20.0	21.0	22.0	23.0	24.0	25.0	26.0	27.0	28.0	29.0	30.0	31.0	32.0	33.0	34.0	35.0	36.0	37.0
S1I_T04_2	14.0	43.0	60.0	67.0	91.0	77.0	94.0	169.0	328.0	550.0	795.0	1273.0	1760.0	2818.0	4001.0	5940.0	8619.0	13290.0	22169.0	39275.0	80211.0	220967.0	384756.0	11026.0
	17.0	18.0	19.0	20.0	21.0	22.0	23.0	24.0	25.0	26.0	27.0	28.0	29.0	30.0	31.0	32.0	33.0	34.0	35.0	36.0	37.0
S1I_T05_1	1.0	2.0	16.0	50.0	153.0	467.0	1189.0	2498.0	5280.0	9545.0	15668.0	24026.0	34928.0	51742.0	88937.0	199773.0	153427.0	177965.0	394622.0	1136025.0	19412.0
	13.0	14.0	15.0	16.0	17.0	18.0	19.0	20.0	21.0	22.0	23.0	24.0	25.0	26.0	27.0	28.0	29.0	30.0	31.0	32.0	33.0	34.0	35.0	36.0	37.0
S1I_T05_2	9.0	52.0	120.0	224.0	262.0	241.0	263.0	318.0	514.0	1016.0	1781.0	2732.0	4117.0	5756.0	8660.0	12489.0	18199.0	26758.0	41960.0	68504.0	123605.0	254513.0	663504.0	1051087.0	29042.0
	16.0	17.0	18.0	19.0	20.0	21.0	22.0	23.0	24.0	25.0	26.0	27.0	28.0	29.0	30.0	31.0	32.0	33.0	34.0	35.0	36.0	37.0
S1I_T10_1	1.0	2.0	2.0	7.0	37.0	167.0	447.0	1045.0	2515.0	5459.0	10139.0	17531.0	28029.0	42282.0	60769.0	99551.0	205606.0	179039.0	226877.0	541528.0	1609247.0	26473.0
	13.0	14.0	15.0	16.0	17.0	18.0	19.0	20.0	21.0	22.0	23.0	24.0	25.0	26.0	27.0	28.0	29.0	30.0	31.0	32.0	33.0	34.0	35.0	36.0	37.0
S1I_T10_2	10.0	56.0	156.0	306.0	392.0	379.0	445.0	478.0	738.0	1255.0	2346.0	3562.0	5683.0	8597.0	12806.0	18825.0	27942.0	40322.0	62494.0	98811.0	175435.0	354726.0	892800.0	1321218.0	26971.0
	15.0	16.0	17.0	18.0	19.0	20.0	21.0	22.0	23.0	24.0	25.0	26.0	27.0	28.0	29.0	30.0	31.0	32.0	33.0	34.0	35.0	36.0	37.0
S1I_T15_1	2.0	3.0	4.0	6.0	21.0	69.0	235.0	624.0	1633.0	3804.0	8211.0	15632.0	27636.0	44184.0	68334.0	100174.0	161263.0	301478.0	308937.0	465620.0	1210952.0	2894213.0	34496.0
	11.0	12.0	13.0	14.0	15.0	16.0	17.0	18.0	19.0	20.0	21.0	22.0	23.0	24.0	25.0	26.0	27.0	28.0	29.0	30.0	31.0	32.0	33.0	34.0	35.0	36.0	37.0
S1I_T15_2	2.0	1.0	29.0	134.0	310.0	583.0	718.0	921.0	1285.0	1861.0	2662.0	4469.0	7490.0	11602.0	17317.0	24403.0	35109.0	49451.0	71757.0	104359.0	161223.0	255556.0	446102.0	838895.0	1713067.0	1865307.0	32918.0
	16.0	17.0	18.0	19.0	20.0	21.0	22.0	23.0	24.0	25.0	26.0	27.0	28.0	29.0	30.0	31.0	32.0	33.0	34.0	35.0	36.0	37.0
S1I_T20_1	1.0	1.0	5.0	22.0	51.0	200.0	547.0	1469.0	3546.0	7512.0	14026.0	24782.0	39857.0	61782.0	91057.0	151362.0	289974.0	289634.0	440302.0	1113416.0	2258617.0	21923.0
	12.0	13.0	14.0	15.0	16.0	17.0	18.0	19.0	20.0	21.0	22.0	23.0	24.0	25.0	26.0	27.0	28.0	29.0	30.0	31.0	32.0	33.0	34.0	35.0	36.0	37.0
S1I_T20_2	4.0	25.0	116.0	325.0	495.0	666.0	881.0	1270.0	1766.0	2712.0	4203.0	7023.0	10667.0	15385.0	21420.0	31106.0	44331.0	64598.0	94444.0	147363.0	233197.0	405516.0	745183.0	1459822.0	1494112.0	23456.0
	15.0	16.0	17.0	18.0	19.0	20.0	21.0	22.0	23.0	24.0	25.0	26.0	27.0	28.0	29.0	30.0	31.0	32.0	33.0	34.0	35.0	36.0	37.0
S1M_T01_1	1.0	2.0	3.0	1.0	21.0	33.0	116.0	245.0	627.0	1307.0	2583.0	5091.0	9321.0	16510.0	26863.0	42362.0	67378.0	105673.0	192374.0	352345.0	736078.0	849047.0	3637.0
	13.0	14.0	15.0	16.0	17.0	18.0	19.0	20.0	21.0	22.0	23.0	24.0	25.0	26.0	27.0	28.0	29.0	30.0	31.0	32.0	33.0	34.0	35.0	36.0	37.0
S1M_T01_2	4.0	36.0	125.0	229.0	327.0	327.0	458.0	645.0	1006.0	1579.0	2315.0	3119.0	4467.0	5930.0	8963.0	12926.0	19532.0	30921.0	51167.0	86458.0	160339.0	320932.0	726771.0	954822.0	18220.0
	15.0	16.0	17.0	18.0	19.0	20.0	21.0	22.0	23.0	24.0	25.0	26.0	27.0	28.0	29.0	30.0	31.0	32.0	33.0	34.0	35.0	36.0	37.0
S1M_T02_1	1.0	4.0	4.0	8.0	29.0	49.0	146.0	400.0	905.0	2085.0	4361.0	8372.0	15000.0	24468.0	38286.0	55218.0	80666.0	116247.0	198190.0	348025.0	766690.0	1876239.0	26997.0
	13.0	14.0	15.0	16.0	17.0	18.0	19.0	20.0	21.0	22.0	23.0	24.0	25.0	26.0	27.0	28.0	29.0	30.0	31.0	32.0	33.0	34.0	35.0	36.0	37.0
S1M_T02_2	16.0	83.0	203.0	355.0	467.0	629.0	912.0	1201.0	1768.0	2736.0	4576.0	6732.0	9180.0	13207.0	19066.0	27032.0	39529.0	57763.0	89966.0	140955.0	246096.0	471454.0	1049175.0	1354495.0	24794.0
	17.0	18.0	19.0	20.0	21.0	22.0	23.0	24.0	25.0	26.0	27.0	28.0	29.0	30.0	31.0	32.0	33.0	34.0	35.0	36.0	37.0
S1M_T03_1	4.0	4.0	21.0	42.0	138.0	316.0	774.0	1731.0	3718.0	6981.0	12798.0	21195.0	33145.0	48578.0	71476.0	104294.0	176118.0	311144.0	697504.0	1625544.0	21729.0
	12.0	13.0	14.0	15.0	16.0	17.0	18.0	19.0	20.0	21.0	22.0	23.0	24.0	25.0	26.0	27.0	28.0	29.0	30.0	31.0	32.0	33.0	34.0	35.0	36.0	37.0
S1M_T03_2	2.0	11.0	54.0	174.0	307.0	437.0	549.0	871.0	1207.0	1897.0	2946.0	4676.0	6856.0	9465.0	12644.0	17946.0	25428.0	36673.0	53248.0	82167.0	127262.0	220059.0	416227.0	915395.0	1179709.0	21044.0
	16.0	17.0	18.0	19.0	20.0	21.0	22.0	23.0	24.0	25.0	26.0	27.0	28.0	29.0	30.0	31.0	32.0	33.0	34.0	35.0	36.0	37.0
S1M_T04_1	1.0	0.0	6.0	15.0	39.0	119.0	303.0	719.0	1686.0	3496.0	6760.0	12397.0	19740.0	31277.0	45453.0	67404.0	98658.0	168616.0	291711.0	610848.0	1223732.0	14188.0
	12.0	13.0	14.0	15.0	16.0	17.0	18.0	19.0	20.0	21.0	22.0	23.0	24.0	25.0	26.0	27.0	28.0	29.0	30.0	31.0	32.0	33.0	34.0	35.0	36.0	37.0
S1M_T04_2	2.0	15.0	55.0	156.0	252.0	306.0	348.0	411.0	566.0	863.0	1481.0	2643.0	4004.0	5813.0	8527.0	12400.0	17689.0	25886.0	38107.0	59197.0	93711.0	166122.0	323358.0	756288.0	1058922.0	20046.0
	17.0	18.0	19.0	20.0	21.0	22.0	23.0	24.0	25.0	26.0	27.0	28.0	29.0	30.0	31.0	32.0	33.0	34.0	35.0	36.0	37.0
S1M_T05_1	3.0	4.0	8.0	43.0	109.0	317.0	709.0	1557.0	3323.0	6248.0	11284.0	18967.0	29702.0	43042.0	63409.0	91643.0	154298.0	270318.0	617485.0	1428129.0	18423.0
	12.0	13.0	14.0	15.0	16.0	17.0	18.0	19.0	20.0	21.0	22.0	23.0	24.0	25.0	26.0	27.0	28.0	29.0	30.0	31.0	32.0	33.0	34.0	35.0	36.0	37.0
S1M_T05_2	1.0	19.0	69.0	169.0	266.0	333.0	560.0	871.0	1442.0	2136.0	3370.0	5115.0	7180.0	10215.0	13684.0	19389.0	27141.0	38761.0	55820.0	85105.0	132941.0	227485.0	413699.0	817570.0	880677.0	15003.0
	17.0	18.0	19.0	20.0	21.0	22.0	23.0	24.0	25.0	26.0	27.0	28.0	29.0	30.0	31.0	32.0	33.0	34.0	35.0	36.0	37.0
S1M_T10_1	1.0	6.0	16.0	37.0	109.0	305.0	709.0	1659.0	3685.0	7136.0	13050.0	20709.0	32794.0	46748.0	67272.0	95355.0	161904.0	282416.0	617820.0	1630887.0	24686.0
	12.0	13.0	14.0	15.0	16.0	17.0	18.0	19.0	20.0	21.0	22.0	23.0	24.0	25.0	26.0	27.0	28.0	29.0	30.0	31.0	32.0	33.0	34.0	35.0	36.0	37.0
S1M_T10_2	1.0	5.0	55.0	183.0	292.0	368.0	384.0	474.0	535.0	801.0	1342.0	2361.0	3760.0	5552.0	8030.0	12081.0	17648.0	26370.0	38975.0	60584.0	98587.0	178677.0	364489.0	896433.0	1265500.0	23817.0
	15.0	16.0	17.0	18.0	19.0	20.0	21.0	22.0	23.0	24.0	25.0	26.0	27.0	28.0	29.0	30.0	31.0	32.0	33.0	34.0	35.0	36.0	37.0
S1M_T15_1	1.0	0.0	2.0	6.0	15.0	45.0	169.0	352.0	926.0	2122.0	4727.0	8588.0	15764.0	25660.0	40662.0	59081.0	86602.0	126262.0	212097.0	371258.0	835842.0	1914885.0	25004.0
	12.0	13.0	14.0	15.0	16.0	17.0	18.0	19.0	20.0	21.0	22.0	23.0	24.0	25.0	26.0	27.0	28.0	29.0	30.0	31.0	32.0	33.0	34.0	35.0	36.0	37.0
S1M_T15_2	2.0	21.0	91.0	252.0	352.0	558.0	681.0	1108.0	1732.0	2576.0	3980.0	5944.0	8784.0	12616.0	17504.0	24754.0	34806.0	49807.0	70737.0	108437.0	169470.0	291485.0	537241.0	1108082.0	1257194.0	21856.0
	15.0	16.0	17.0	18.0	19.0	20.0	21.0	22.0	23.0	24.0	25.0	26.0	27.0	28.0	29.0	30.0	31.0	32.0	33.0	34.0	35.0	36.0	37.0
S1M_T20_1	1.0	2.0	2.0	10.0	23.0	59.0	144.0	380.0	875.0	2116.0	4679.0	8964.0	15718.0	25635.0	39939.0	56807.0	83780.0	120421.0	204318.0	359927.0	801377.0	1740762.0	20542.0
	11.0	12.0	13.0	14.0	15.0	16.0	17.0	18.0	19.0	20.0	21.0	22.0	23.0	24.0	25.0	26.0	27.0	28.0	29.0	30.0	31.0	32.0	33.0	34.0	35.0	36.0	37.0
S1M_T20_2	1.0	2.0	23.0	77.0	193.0	338.0	519.0	659.0	853.0	1239.0	2016.0	3143.0	5088.0	7484.0	10238.0	14007.0	20046.0	28514.0	40559.0	58440.0	90734.0	143533.0	250296.0	474068.0	1036733.0	1275687.0	21991.0
	14.0	15.0	16.0	17.0	18.0	19.0	20.0	21.0	22.0	23.0	24.0	25.0	26.0	27.0	28.0	29.0	30.0	31.0	32.0	33.0	34.0	35.0	36.0	37.0
S2I_T01_1	1.0	0.0	0.0	3.0	11.0	24.0	57.0	168.0	410.0	971.0	2171.0	4601.0	8938.0	16343.0	27487.0	43784.0	65417.0	99597.0	155041.0	279611.0	450020.0	995758.0	1591030.0	12106.0
	11.0	12.0	13.0	14.0	15.0	16.0	17.0	18.0	19.0	20.0	21.0	22.0	23.0	24.0	25.0	26.0	27.0	28.0	29.0	30.0	31.0	32.0	33.0	34.0	35.0	36.0	37.0
S2I_T01_2	1.0	2.0	23.0	91.0	237.0	397.0	570.0	954.0	1618.0	2440.0	3456.0	4915.0	7167.0	9844.0	13480.0	17914.0	25802.0	36291.0	52808.0	76993.0	120830.0	191004.0	327272.0	587400.0	1120039.0	1135049.0	16952.0
	16.0	17.0	18.0	19.0	20.0	21.0	22.0	23.0	24.0	25.0	26.0	27.0	28.0	29.0	30.0	31.0	32.0	33.0	34.0	35.0	36.0	37.0
S2I_T02_1	3.0	1.0	6.0	8.0	57.0	172.0	425.0	1029.0	2466.0	5530.0	10453.0	18694.0	30740.0	48055.0	70010.0	103818.0	153594.0	277244.0	422233.0	954659.0	2572847.0	41449.0
	13.0	14.0	15.0	16.0	17.0	18.0	19.0	20.0	21.0	22.0	23.0	24.0	25.0	26.0	27.0	28.0	29.0	30.0	31.0	32.0	33.0	34.0	35.0	36.0	37.0
S2I_T02_2	35.0	117.0	304.0	492.0	659.0	988.0	1542.0	2188.0	3164.0	4638.0	7225.0	10816.0	15522.0	21589.0	30947.0	44030.0	64194.0	93988.0	146394.0	231714.0	402331.0	743294.0	1445323.0	1422814.0	19185.0
	17.0	18.0	19.0	20.0	21.0	22.0	23.0	24.0	25.0	26.0	27.0	28.0	29.0	30.0	31.0	32.0	33.0	34.0	35.0	36.0	37.0
S2I_T03_1	4.0	7.0	8.0	38.0	147.0	384.0	970.0	2309.0	5034.0	9653.0	17532.0	28299.0	44211.0	63601.0	92883.0	137890.0	247272.0	374269.0	854910.0	2297846.0	36188.0
	12.0	13.0	14.0	15.0	16.0	17.0	18.0	19.0	20.0	21.0	22.0	23.0	24.0	25.0	26.0	27.0	28.0	29.0	30.0	31.0	32.0	33.0	34.0	35.0	36.0	37.0
S2I_T03_2	1.0	22.0	101.0	258.0	444.0	566.0	757.0	1150.0	1682.0	2388.0	3722.0	6349.0	9769.0	14062.0	19175.0	27632.0	38862.0	55788.0	82130.0	126112.0	201242.0	352820.0	656825.0	1295832.0	1298683.0	17083.0
	16.0	17.0	18.0	19.0	20.0	21.0	22.0	23.0	24.0	25.0	26.0	27.0	28.0	29.0	30.0	31.0	32.0	33.0	34.0	35.0	36.0	37.0
S2I_T04_1	1.0	3.0	3.0	11.0	41.0	122.0	356.0	937.0	2087.0	4696.0	8916.0	15785.0	26157.0	40779.0	60590.0	89653.0	136583.0	248023.0	375475.0	799762.0	1782669.0	25063.0
	12.0	13.0	14.0	15.0	16.0	17.0	18.0	19.0	20.0	21.0	22.0	23.0	24.0	25.0	26.0	27.0	28.0	29.0	30.0	31.0	32.0	33.0	34.0	35.0	36.0	37.0
S2I_T04_2	2.0	18.0	83.0	254.0	343.0	454.0	511.0	776.0	1059.0	1637.0	2753.0	4509.0	7469.0	10905.0	15462.0	22528.0	31950.0	45910.0	66461.0	102893.0	162135.0	280711.0	526302.0	1094070.0	1220526.0	17991.0
	16.0	17.0	18.0	19.0	20.0	21.0	22.0	23.0	24.0	25.0	26.0	27.0	28.0	29.0	30.0	31.0	32.0	33.0	34.0	35.0	36.0	37.0
S2I_T05_1	1.0	0.0	7.0	14.0	46.0	149.0	371.0	938.0	2123.0	4676.0	8704.0	15637.0	25252.0	39931.0	58161.0	84825.0	127388.0	227408.0	349292.0	803769.0	2094402.0	32464.0
	12.0	13.0	14.0	15.0	16.0	17.0	18.0	19.0	20.0	21.0	22.0	23.0	24.0	25.0	26.0	27.0	28.0	29.0	30.0	31.0	32.0	33.0	34.0	35.0	36.0	37.0
S2I_T05_2	1.0	23.0	98.0	253.0	364.0	587.0	824.0	1332.0	2030.0	3021.0	4274.0	6602.0	9698.0	14035.0	19288.0	27471.0	38381.0	55764.0	80303.0	124512.0	197028.0	340998.0	616323.0	1173847.0	1140985.0	17516.0
	17.0	18.0	19.0	20.0	21.0	22.0	23.0	24.0	25.0	26.0	27.0	28.0	29.0	30.0	31.0	32.0	33.0	34.0	35.0	36.0	37.0
S2I_T10_1	2.0	9.0	15.0	39.0	90.0	305.0	784.0	1816.0	4080.0	8065.0	14846.0	24191.0	37546.0	54594.0	78098.0	114180.0	199675.0	299672.0	656651.0	1928344.0	33544.0
	12.0	13.0	14.0	15.0	16.0	17.0	18.0	19.0	20.0	21.0	22.0	23.0	24.0	25.0	26.0	27.0	28.0	29.0	30.0	31.0	32.0	33.0	34.0	35.0	36.0	37.0
S2I_T10_2	1.0	11.0	76.0	218.0	359.0	445.0	482.0	704.0	837.0	1224.0	1937.0	3460.0	5641.0	8799.0	12707.0	19596.0	27571.0	40370.0	58997.0	91185.0	144788.0	257187.0	504302.0	1086011.0	1172104.0	17534.0
	16.0	17.0	18.0	19.0	20.0	21.0	22.0	23.0	24.0	25.0	26.0	27.0	28.0	29.0	30.0	31.0	32.0	33.0	34.0	35.0	36.0	37.0
S2I_T15_1	2.0	4.0	3.0	14.0	59.0	176.0	501.0	1332.0	3203.0	7248.0	13878.0	24941.0	41659.0	64508.0	93334.0	135977.0	202510.0	362560.0	541368.0	1223419.0	3273724.0	51195.0
	12.0	13.0	14.0	15.0	16.0	17.0	18.0	19.0	20.0	21.0	22.0	23.0	24.0	25.0	26.0	27.0	28.0	29.0	30.0	31.0	32.0	33.0	34.0	35.0	36.0	37.0
S2I_T15_2	2.0	36.0	148.0	351.0	608.0	793.0	1036.0	1577.0	2222.0	3289.0	5034.0	8323.0	12708.0	19605.0	27366.0	39776.0	56231.0	81455.0	118295.0	182907.0	290328.0	509566.0	945849.0	1856319.0	1849650.0	28141.0
	17.0	18.0	19.0	20.0	21.0	22.0	23.0	24.0	25.0	26.0	27.0	28.0	29.0	30.0	31.0	32.0	33.0	34.0	35.0	36.0	37.0
S2I_T20_1	1.0	3.0	12.0	53.0	162.0	394.0	1028.0	2461.0	5715.0	10801.0	19197.0	30642.0	45744.0	64090.0	91171.0	135880.0	251303.0	348968.0	695140.0	1965263.0	33819.0
	12.0	13.0	14.0	15.0	16.0	17.0	18.0	19.0	20.0	21.0	22.0	23.0	24.0	25.0	26.0	27.0	28.0	29.0	30.0	31.0	32.0	33.0	34.0	35.0	36.0	37.0
S2I_T20_2	2.0	25.0	82.0	224.0	358.0	433.0	479.0	530.0	657.0	1019.0	1840.0	3559.0	5798.0	8915.0	12414.0	18307.0	26212.0	38499.0	55688.0	85664.0	137196.0	247024.0	503846.0	1164045.0	1369167.0	19864.0
	16.0	17.0	18.0	19.0	20.0	21.0	22.0	23.0	24.0	25.0	26.0	27.0	28.0	29.0	30.0	31.0	32.0	33.0	34.0	35.0	36.0	37.0
S2M_T01_1	2.0	0.0	8.0	20.0	80.0	182.0	410.0	920.0	1918.0	4020.0	7631.0	14567.0	25718.0	43993.0	71867.0	120029.0	200073.0	364559.0	644248.0	1040479.0	490239.0	785.0
	13.0	14.0	15.0	16.0	17.0	18.0	19.0	20.0	21.0	22.0	23.0	24.0	25.0	26.0	27.0	28.0	29.0	30.0	31.0	32.0	33.0	34.0	35.0	36.0	37.0
S2M_T01_2	13.0	54.0	167.0	279.0	400.0	465.0	651.0	707.0	1070.0	1717.0	2839.0	3776.0	5074.0	7084.0	10591.0	15900.0	24965.0	39462.0	66659.0	114910.0	217705.0	433894.0	943776.0	1120965.0	18625.0
	16.0	17.0	18.0	19.0	20.0	21.0	22.0	23.0	24.0	25.0	26.0	27.0	28.0	29.0	30.0	31.0	32.0	33.0	34.0	35.0	36.0	37.0
S2M_T02_1	1.0	3.0	4.0	18.0	43.0	142.0	337.0	918.0	2114.0	4648.0	9102.0	16624.0	26710.0	41060.0	59024.0	84576.0	119982.0	204796.0	353806.0	778078.0	2044515.0	31465.0
	12.0	13.0	14.0	15.0	16.0	17.0	18.0	19.0	20.0	21.0	22.0	23.0	24.0	25.0	26.0	27.0	28.0	29.0	30.0	31.0	32.0	33.0	34.0	35.0	36.0	37.0
S2M_T02_2	1.0	12.0	77.0	218.0	415.0	503.0	642.0	813.0	1064.0	1615.0	2703.0	4470.0	6743.0	9919.0	14010.0	20035.0	28655.0	42201.0	61563.0	96526.0	153726.0	271655.0	527428.0	1145303.0	1364593.0	23076.0
	15.0	16.0	17.0	18.0	19.0	20.0	21.0	22.0	23.0	24.0	25.0	26.0	27.0	28.0	29.0	30.0	31.0	32.0	33.0	34.0	35.0	36.0	37.0
S2M_T03_1	1.0	3.0	3.0	6.0	21.0	67.0	177.0	467.0	1150.0	2483.0	5420.0	10332.0	18661.0	30020.0	45934.0	64936.0	93187.0	132847.0	224103.0	388086.0	870191.0	2092215.0	28114.0
	13.0	14.0	15.0	16.0	17.0	18.0	19.0	20.0	21.0	22.0	23.0	24.0	25.0	26.0	27.0	28.0	29.0	30.0	31.0	32.0	33.0	34.0	35.0	36.0	37.0
S2M_T03_2	20.0	88.0	226.0	384.0	535.0	739.0	1007.0	1413.0	2104.0	3435.0	5760.0	8723.0	12629.0	17456.0	25095.0	35142.0	50475.0	72848.0	112816.0	176541.0	304765.0	573360.0	1203546.0	1378147.0	21170.0
	14.0	15.0	16.0	17.0	18.0	19.0	20.0	21.0	22.0	23.0	24.0	25.0	26.0	27.0	28.0	29.0	30.0	31.0	32.0	33.0	34.0	35.0	36.0	37.0
S2M_T04_1	1.0	1.0	1.0	3.0	6.0	9.0	33.0	98.0	291.0	713.0	1694.0	3777.0	7387.0	13534.0	22163.0	34916.0	51168.0	74235.0	108393.0	184140.0	318536.0	686948.0	1396810.0	16291.0
	13.0	14.0	15.0	16.0	17.0	18.0	19.0	20.0	21.0	22.0	23.0	24.0	25.0	26.0	27.0	28.0	29.0	30.0	31.0	32.0	33.0	34.0	35.0	36.0	37.0
S2M_T04_2	19.0	73.0	173.0	272.0	336.0	423.0	510.0	674.0	1067.0	1778.0	3205.0	4984.0	7443.0	10726.0	15656.0	22464.0	32655.0	48248.0	73704.0	117391.0	205069.0	393450.0	866769.0	1095183.0	18876.0
	15.0	16.0	17.0	18.0	19.0	20.0	21.0	22.0	23.0	24.0	25.0	26.0	27.0	28.0	29.0	30.0	31.0	32.0	33.0	34.0	35.0	36.0	37.0
S2M_T05_1	1.0	1.0	2.0	7.0	20.0	47.0	165.0	308.0	858.0	1876.0	4165.0	7928.0	14732.0	24952.0	40512.0	60270.0	90416.0	134040.0	234724.0	418598.0	964071.0	1714868.0	13557.0
	12.0	13.0	14.0	15.0	16.0	17.0	18.0	19.0	20.0	21.0	22.0	23.0	24.0	25.0	26.0	27.0	28.0	29.0	30.0	31.0	32.0	33.0	34.0	35.0	36.0	37.0
S2M_T05_2	3.0	17.0	96.0	221.0	335.0	530.0	1061.0	2005.0	3243.0	4913.0	7335.0	11191.0	16747.0	23432.0	32321.0	46762.0	64307.0	93605.0	135654.0	207579.0	316387.0	504452.0	759005.0	970115.0	520311.0	4491.0
	16.0	17.0	18.0	19.0	20.0	21.0	22.0	23.0	24.0	25.0	26.0	27.0	28.0	29.0	30.0	31.0	32.0	33.0	34.0	35.0	36.0	37.0
S2M_T10_1	1.0	0.0	1.0	10.0	31.0	109.0	310.0	728.0	1860.0	3961.0	7624.0	14259.0	22820.0	34543.0	48661.0	69143.0	95737.0	158583.0	267130.0	559355.0	1556714.0	25714.0
	13.0	14.0	15.0	16.0	17.0	18.0	19.0	20.0	21.0	22.0	23.0	24.0	25.0	26.0	27.0	28.0	29.0	30.0	31.0	32.0	33.0	34.0	35.0	36.0	37.0
S2M_T10_2	10.0	53.0	170.0	259.0	376.0	380.0	441.0	493.0	750.0	1289.0	2377.0	3970.0	5914.0	8720.0	13347.0	19228.0	28078.0	40526.0	62292.0	99273.0	174900.0	353538.0	855685.0	1173128.0	22097.0
	17.0	18.0	19.0	20.0	21.0	22.0	23.0	24.0	25.0	26.0	27.0	28.0	29.0	30.0	31.0	32.0	33.0	34.0	35.0	36.0	37.0
S2M_T15_1	3.0	6.0	17.0	30.0	79.0	226.0	504.0	1176.0	2283.0	4547.0	8951.0	16389.0	29594.0	50391.0	87073.0	147133.0	272653.0	530925.0	955929.0	524744.0	1074.0
	12.0	13.0	14.0	15.0	16.0	17.0	18.0	19.0	20.0	21.0	22.0	23.0	24.0	25.0	26.0	27.0	28.0	29.0	30.0	31.0	32.0	33.0	34.0	35.0	36.0	37.0
S2M_T15_2	5.0	23.0	68.0	141.0	405.0	1215.0	3736.0	8940.0	15279.0	21322.0	28199.0	37082.0	48859.0	64993.0	84290.0	114719.0	153622.0	212926.0	291450.0	389923.0	446033.0	409742.0	229863.0	63904.0	6926.0	62.0
	18.0	19.0	20.0	21.0	22.0	23.0	24.0	25.0	26.0	27.0	28.0	29.0	30.0	31.0	32.0	33.0	34.0	35.0	36.0	37.0
S2M_T20_1	1.0	2.0	9.0	41.0	118.0	309.0	653.0	1433.0	2526.0	4254.0	6218.0	9048.0	12043.0	16868.0	24397.0	48187.0	78228.0	111167.0	248346.0	4131.0
	13.0	14.0	15.0	16.0	17.0	18.0	19.0	20.0	21.0	22.0	23.0	24.0	25.0	26.0	27.0	28.0	29.0	30.0	31.0	32.0	33.0	34.0	35.0	36.0	37.0
S2M_T20_2	2.0	12.0	33.0	44.0	62.0	48.0	51.0	80.0	144.0	211.0	424.0	707.0	1038.0	1541.0	2242.0	3255.0	4788.0	7040.0	11344.0	18661.0	32622.0	67445.0	168622.0	241487.0	6076.0
	16.0	17.0	18.0	19.0	20.0	21.0	22.0	23.0	24.0	25.0	26.0	27.0	28.0	29.0	30.0	31.0	32.0	33.0	34.0	35.0	36.0	37.0
S3I_T01_1	5.0	5.0	10.0	23.0	72.0	200.0	482.0	1159.0	2443.0	5091.0	9675.0	17802.0	30256.0	48076.0	73247.0	111907.0	170051.0	302558.0	533161.0	1105080.0	1394553.0	7685.0
	12.0	13.0	14.0	15.0	16.0	17.0	18.0	19.0	20.0	21.0	22.0	23.0	24.0	25.0	26.0	27.0	28.0	29.0	30.0	31.0	32.0	33.0	34.0	35.0	36.0	37.0
S3I_T01_2	1.0	17.0	91.0	216.0	400.0	553.0	645.0	955.0	1371.0	2017.0	2942.0	4671.0	6673.0	9216.0	12698.0	18801.0	26921.0	40585.0	60910.0	98769.0	161330.0	286124.0	539204.0	1138236.0	1373889.0	26306.0
	15.0	16.0	17.0	18.0	19.0	20.0	21.0	22.0	23.0	24.0	25.0	26.0	27.0	28.0	29.0	30.0	31.0	32.0	33.0	34.0	35.0	36.0	37.0
S3I_T02_1	2.0	1.0	3.0	9.0	23.0	86.0	224.0	541.0	1335.0	2952.0	6321.0	11829.0	21302.0	34263.0	53486.0	77039.0	111161.0	158585.0	275037.0	470846.0	1041629.0	2771982.0	45429.0
	12.0	13.0	14.0	15.0	16.0	17.0	18.0	19.0	20.0	21.0	22.0	23.0	24.0	25.0	26.0	27.0	28.0	29.0	30.0	31.0	32.0	33.0	34.0	35.0	36.0	37.0
S3I_T02_2	4.0	29.0	120.0	255.0	474.0	643.0	855.0	1062.0	1469.0	2155.0	3600.0	6042.0	9145.0	13237.0	18531.0	27321.0	38753.0	56640.0	83452.0	131116.0	209796.0	373352.0	716087.0	1539755.0	1818826.0	31366.0
	14.0	15.0	16.0	17.0	18.0	19.0	20.0	21.0	22.0	23.0	24.0	25.0	26.0	27.0	28.0	29.0	30.0	31.0	32.0	33.0	34.0	35.0	36.0	37.0
S3I_T03_1	1.0	5.0	10.0	22.0	36.0	57.0	100.0	238.0	492.0	1142.0	2499.0	5469.0	10611.0	18954.0	31627.0	48585.0	71421.0	104809.0	149500.0	259974.0	448607.0	1007934.0	2334815.0	32701.0
	13.0	14.0	15.0	16.0	17.0	18.0	19.0	20.0	21.0	22.0	23.0	24.0	25.0	26.0	27.0	28.0	29.0	30.0	31.0	32.0	33.0	34.0	35.0	36.0	37.0
S3I_T03_2	9.0	82.0	250.0	443.0	646.0	829.0	1147.0	1669.0	2362.0	3763.0	6235.0	9149.0	13378.0	17986.0	26303.0	37479.0	53814.0	79040.0	122984.0	195578.0	341072.0	641664.0	1351007.0	1596292.0	26428.0
	14.0	15.0	16.0	17.0	18.0	19.0	20.0	21.0	22.0	23.0	24.0	25.0	26.0	27.0	28.0	29.0	30.0	31.0	32.0	33.0	34.0	35.0	36.0	37.0
S3I_T04_1	1.0	1.0	1.0	5.0	5.0	16.0	65.0	141.0	431.0	1072.0	2406.0	5067.0	9739.0	17588.0	28671.0	44872.0	65065.0	94283.0	137216.0	236880.0	399893.0	838998.0	1776247.0	24377.0
	12.0	13.0	14.0	15.0	16.0	17.0	18.0	19.0	20.0	21.0	22.0	23.0	24.0	25.0	26.0	27.0	28.0	29.0	30.0	31.0	32.0	33.0	34.0	35.0	36.0	37.0
S3I_T04_2	1.0	17.0	103.0	218.0	345.0	448.0	482.0	533.0	789.0	1314.0	2185.0	4066.0	6252.0	9428.0	13398.0	19751.0	27839.0	41040.0	59469.0	91858.0	145232.0	253870.0	484721.0	1082149.0	1411192.0	26340.0
	16.0	17.0	18.0	19.0	20.0	21.0	22.0	23.0	24.0	25.0	26.0	27.0	28.0	29.0	30.0	31.0	32.0	33.0	34.0	35.0	36.0	37.0
S3I_T05_1	1.0	1.0	2.0	7.0	48.0	135.0	376.0	1030.0	2234.0	5223.0	9793.0	18010.0	29671.0	46332.0	67490.0	97639.0	140670.0	242706.0	417906.0	941748.0	2293300.0	32782.0
	12.0	13.0	14.0	15.0	16.0	17.0	18.0	19.0	20.0	21.0	22.0	23.0	24.0	25.0	26.0	27.0	28.0	29.0	30.0	31.0	32.0	33.0	34.0	35.0	36.0	37.0
S3I_T05_2	1.0	26.0	99.0	238.0	412.0	548.0	686.0	866.0	1361.0	2109.0	3253.0	5571.0	8476.0	12849.0	18334.0	26981.0	38230.0	56522.0	83317.0	131297.0	210387.0	371900.0	683277.0	1324528.0	1342015.0	23821.0
	16.0	17.0	18.0	19.0	20.0	21.0	22.0	23.0	24.0	25.0	26.0	27.0	28.0	29.0	30.0	31.0	32.0	33.0	34.0	35.0	36.0	37.0
S3I_T10_1	2.0	1.0	3.0	12.0	45.0	141.0	366.0	958.0	2328.0	5084.0	10239.0	18814.0	30799.0	48170.0	69590.0	99948.0	142149.0	241107.0	409921.0	905122.0	2435324.0	40643.0
	13.0	14.0	15.0	16.0	17.0	18.0	19.0	20.0	21.0	22.0	23.0	24.0	25.0	26.0	27.0	28.0	29.0	30.0	31.0	32.0	33.0	34.0	35.0	36.0	37.0
S3I_T10_2	17.0	64.0	261.0	469.0	605.0	790.0	921.0	1230.0	1798.0	2769.0	4645.0	7230.0	10770.0	15689.0	23294.0	33508.0	49020.0	71400.0	111939.0	178331.0	312493.0	604134.0	1335535.0	1664248.0	29606.0
	17.0	18.0	19.0	20.0	21.0	22.0	23.0	24.0	25.0	26.0	27.0	28.0	29.0	30.0	31.0	32.0	33.0	34.0	35.0	36.0	37.0
S3I_T15_1	1.0	0.0	13.0	44.0	150.0	401.0	1047.0	2271.0	4996.0	9604.0	16973.0	26674.0	40163.0	55598.0	78866.0	111941.0	203417.0	331784.0	604990.0	1740144.0	34590.0
	12.0	13.0	14.0	15.0	16.0	17.0	18.0	19.0	20.0	21.0	22.0	23.0	24.0	25.0	26.0	27.0	28.0	29.0	30.0	31.0	32.0	33.0	34.0	35.0	36.0	37.0
S3I_T15_2	1.0	9.0	51.0	187.0	325.0	359.0	381.0	391.0	494.0	755.0	1462.0	2688.0	4360.0	6629.0	9710.0	14524.0	21250.0	31253.0	45637.0	71466.0	115130.0	205576.0	418605.0	992805.0	1291756.0	27863.0
	17.0	18.0	19.0	20.0	21.0	22.0	23.0	24.0	25.0	26.0	27.0	28.0	29.0	30.0	31.0	32.0	33.0	34.0	35.0	36.0	37.0
S3I_T20_1	4.0	9.0	21.0	47.0	164.0	493.0	1197.0	2880.0	6450.0	12241.0	22237.0	35549.0	55219.0	78313.0	112086.0	159946.0	272235.0	464755.0	1033617.0	2522756.0	37036.0
	12.0	13.0	14.0	15.0	16.0	17.0	18.0	19.0	20.0	21.0	22.0	23.0	24.0	25.0	26.0	27.0	28.0	29.0	30.0	31.0	32.0	33.0	34.0	35.0	36.0	37.0
S3I_T20_2	1.0	19.0	96.0	267.0	503.0	627.0	755.0	1020.0	1499.0	2203.0	3531.0	6265.0	9528.0	13973.0	19340.0	27918.0	39559.0	57490.0	83142.0	128886.0	204460.0	360008.0	683730.0	1452494.0	1691529.0	28412.0
	16.0	17.0	18.0	19.0	20.0	21.0	22.0	23.0	24.0	25.0	26.0	27.0	28.0	29.0	30.0	31.0	32.0	33.0	34.0	35.0	36.0	37.0
S3M_T01_1	2.0	4.0	6.0	19.0	63.0	164.0	370.0	827.0	1872.0	4081.0	8308.0	15532.0	26414.0	43827.0	67669.0	105469.0	166937.0	306834.0	536241.0	1130132.0	1296705.0	5611.0
	12.0	13.0	14.0	15.0	16.0	17.0	18.0	19.0	20.0	21.0	22.0	23.0	24.0	25.0	26.0	27.0	28.0	29.0	30.0	31.0	32.0	33.0	34.0	35.0	36.0	37.0
S3M_T01_2	1.0	16.0	88.0	219.0	363.0	494.0	590.0	877.0	1176.0	1857.0	2907.0	4565.0	6487.0	8941.0	12287.0	18561.0	27192.0	41189.0	63145.0	102137.0	166086.0	297096.0	556852.0	1134133.0	1249498.0	20330.0
	15.0	16.0	17.0	18.0	19.0	20.0	21.0	22.0	23.0	24.0	25.0	26.0	27.0	28.0	29.0	30.0	31.0	32.0	33.0	34.0	35.0	36.0	37.0
S3M_T02_1	2.0	2.0	4.0	6.0	26.0	59.0	180.0	403.0	1084.0	2441.0	5370.0	10368.0	18713.0	30943.0	48461.0	70627.0	103078.0	150203.0	265732.0	437168.0	962585.0	2549329.0	40578.0
	12.0	13.0	14.0	15.0	16.0	17.0	18.0	19.0	20.0	21.0	22.0	23.0	24.0	25.0	26.0	27.0	28.0	29.0	30.0	31.0	32.0	33.0	34.0	35.0	36.0	37.0
S3M_T02_2	4.0	34.0	132.0	301.0	486.0	673.0	901.0	1217.0	1781.0	2564.0	4012.0	6677.0	9941.0	14847.0	20733.0	29987.0	42733.0	61975.0	90352.0	139316.0	220102.0	378418.0	700953.0	1417236.0	1528196.0	23791.0
	16.0	17.0	18.0	19.0	20.0	21.0	22.0	23.0	24.0	25.0	26.0	27.0	28.0	29.0	30.0	31.0	32.0	33.0	34.0	35.0	36.0	37.0
S3M_T03_1	3.0	1.0	12.0	23.0	82.0	217.0	526.0	1213.0	2819.0	5784.0	11024.0	19563.0	31868.0	48726.0	71212.0	102614.0	148613.0	261160.0	432879.0	961479.0	2348239.0	34319.0
	12.0	13.0	14.0	15.0	16.0	17.0	18.0	19.0	20.0	21.0	22.0	23.0	24.0	25.0	26.0	27.0	28.0	29.0	30.0	31.0	32.0	33.0	34.0	35.0	36.0	37.0
S3M_T03_2	1.0	33.0	123.0	301.0	483.0	700.0	1007.0	1635.0	2351.0	3406.0	5098.0	8203.0	12443.0	17901.0	24275.0	34196.0	47048.0	67278.0	96206.0	146222.0	224874.0	377499.0	678490.0	1327636.0	1384597.0	20370.0
	16.0	17.0	18.0	19.0	20.0	21.0	22.0	23.0	24.0	25.0	26.0	27.0	28.0	29.0	30.0	31.0	32.0	33.0	34.0	35.0	36.0	37.0
S3M_T04_1	2.0	3.0	1.0	26.0	48.0	136.0	296.0	786.0	1806.0	3949.0	7706.0	14163.0	22961.0	36113.0	53122.0	78779.0	115420.0	201481.0	333379.0	724085.0	1533490.0	19521.0
	12.0	13.0	14.0	15.0	16.0	17.0	18.0	19.0	20.0	21.0	22.0	23.0	24.0	25.0	26.0	27.0	28.0	29.0	30.0	31.0	32.0	33.0	34.0	35.0	36.0	37.0
S3M_T04_2	1.0	14.0	76.0	201.0	295.0	404.0	452.0	570.0	793.0	1303.0	2262.0	3953.0	6262.0	9128.0	12973.0	19098.0	26701.0	39070.0	56242.0	87302.0	136961.0	239183.0	449579.0	946500.0	1090845.0	17105.0
	14.0	15.0	16.0	17.0	18.0	19.0	20.0	21.0	22.0	23.0	24.0	25.0	26.0	27.0	28.0	29.0	30.0	31.0	32.0	33.0	34.0	35.0	36.0	37.0
S3M_T05_1	1.0	0.0	0.0	2.0	7.0	16.0	67.0	186.0	439.0	1117.0	2553.0	5410.0	10451.0	19012.0	31288.0	48840.0	70790.0	103201.0	149627.0	261110.0	435580.0	994185.0	2515497.0	36746.0
	12.0	13.0	14.0	15.0	16.0	17.0	18.0	19.0	20.0	21.0	22.0	23.0	24.0	25.0	26.0	27.0	28.0	29.0	30.0	31.0	32.0	33.0	34.0	35.0	36.0	37.0
S3M_T05_2	3.0	36.0	135.0	317.0	468.0	626.0	757.0	1223.0	1803.0	2637.0	4268.0	7096.0	10616.0	15634.0	21586.0	31553.0	43895.0	63594.0	93427.0	144633.0	227527.0	397072.0	725398.0	1418753.0	1449019.0	24049.0
	17.0	18.0	19.0	20.0	21.0	22.0	23.0	24.0	25.0	26.0	27.0	28.0	29.0	30.0	31.0	32.0	33.0	34.0	35.0	36.0	37.0
S3M_T10_1	3.0	6.0	28.0	64.0	155.0	471.0	1035.0	2470.0	5390.0	10431.0	19147.0	31325.0	48512.0	69993.0	101031.0	144188.0	245636.0	402340.0	900657.0	2409424.0	38269.0
	12.0	13.0	14.0	15.0	16.0	17.0	18.0	19.0	20.0	21.0	22.0	23.0	24.0	25.0	26.0	27.0	28.0	29.0	30.0	31.0	32.0	33.0	34.0	35.0	36.0	37.0
S3M_T10_2	1.0	22.0	108.0	296.0	505.0	603.0	716.0	915.0	1219.0	1731.0	2948.0	5217.0	8404.0	12716.0	18219.0	27301.0	38711.0	56452.0	81811.0	126275.0	198703.0	346983.0	657051.0	1356148.0	1464714.0	22806.0
	17.0	18.0	19.0	20.0	21.0	22.0	23.0	24.0	25.0	26.0	27.0	28.0	29.0	30.0	31.0	32.0	33.0	34.0	35.0	36.0	37.0
S3M_T15_1	2.0	3.0	12.0	59.0	199.0	458.0	1221.0	2501.0	5275.0	9501.0	16883.0	26400.0	39371.0	55104.0	77785.0	111910.0	203518.0	311945.0	594095.0	1577621.0	27314.0
	12.0	13.0	14.0	15.0	16.0	17.0	18.0	19.0	20.0	21.0	22.0	23.0	24.0	25.0	26.0	27.0	28.0	29.0	30.0	31.0	32.0	33.0	34.0	35.0	36.0	37.0
S3M_T15_2	1.0	19.0	69.0	161.0	286.0	398.0	416.0	463.0	619.0	956.0	1833.0	3295.0	5112.0	7532.0	11063.0	16003.0	22806.0	33278.0	48037.0	73773.0	115282.0	202853.0	398227.0	918628.0	1176637.0	23430.0
	16.0	17.0	18.0	19.0	20.0	21.0	22.0	23.0	24.0	25.0	26.0	27.0	28.0	29.0	30.0	31.0	32.0	33.0	34.0	35.0	36.0	37.0
S3M_T20_1	1.0	3.0	4.0	28.0	85.0	206.0	514.0	1300.0	2822.0	6070.0	11324.0	19943.0	32839.0	51872.0	75478.0	110682.0	164042.0	291932.0	496165.0	1095130.0	2026837.0	20389.0
	12.0	13.0	14.0	15.0	16.0	17.0	18.0	19.0	20.0	21.0	22.0	23.0	24.0	25.0	26.0	27.0	28.0	29.0	30.0	31.0	32.0	33.0	34.0	35.0	36.0	37.0
S3M_T20_2	1.0	15.0	106.0	332.0	528.0	628.0	873.0	1407.0	2036.0	3074.0	4663.0	7500.0	11028.0	15854.0	22142.0	31683.0	44898.0	65485.0	94297.0	145743.0	227193.0	386522.0	692575.0	1318486.0	1311419.0	19178.0

