Sample	1	2	3	4	5	6	7	8	9	12	17	22	27	32	37	42	47	52	57	62	67	72	77	82	87	92	97	102	107	112	117	122	127	132	137	142	147	150
C1I_T01_1	7.934220026500295e-05	0.028748323896019404	0.0	0.0	0.0	0.0	0.0	0.0	0.0	0.0	0.0	0.0	0.0	0.0	0.0	0.0	0.0	0.0	0.0	0.0	0.0	0.0	0.0	0.0	0.0	0.0	0.0	0.0	0.0	0.0	0.0	0.0	0.0	0.0	0.0	0.0	0.0	0.0
C1I_T01_2	0.0	0.0	0.0	0.0	0.0	0.0	0.0	0.0	0.0	0.0	0.0	0.0	0.0	3.702636012366804e-05	0.0	0.00017455284058300649	0.0	5.289480017666864e-05	0.0	0.0	0.0	0.0	1.5868440053000588e-05	5.289480017666864e-06	0.0	0.0	0.0	1.0578960035333727e-05	0.00017455284058300649	1.0578960035333727e-05	5.289480017666864e-06	0.0	5.289480017666864e-06	4.231584014133491e-05	5.289480017666864e-06	0.0	0.0	0.0
C1I_T02_1	6.579577911304219e-05	0.029279121705303775	0.0	0.0	0.0	0.0	0.0	0.0	0.0	0.0	0.0	0.0	0.0	0.0	0.0	0.0	0.0	0.0	0.0	0.0	0.0	0.0	0.0	0.0	0.0	0.0	0.0	0.0	0.0	0.0	0.0	0.0	0.0	0.0	0.0	0.0	0.0	0.0
C1I_T02_2	0.0	0.0	0.0	0.0	4.386385274202813e-05	0.0	0.0	0.0	0.0	0.0	0.0	0.0	0.0	3.9477467467825315e-05	4.3863852742028125e-06	0.0001973873373391266	0.0	6.579577911304219e-05	0.0	0.0	0.0	0.0	3.50910821936225e-05	3.50910821936225e-05	0.0	0.0	0.0	2.6318311645216877e-05	0.00020616010788753218	1.3159155822608438e-05	1.3159155822608438e-05	0.0	1.3159155822608438e-05	9.211409075825907e-05	1.754554109681125e-05	0.0	0.0	0.0
C1I_T03_1	2.2921206975748446e-05	0.030324756828915195	0.0	0.0	0.0	0.0	0.0	0.0	0.0	0.0	0.0	0.0	0.0	0.0	0.0	0.0	0.0	0.0	0.0	0.0	0.0	0.0	0.0	0.0	0.0	0.0	0.0	0.0	0.0	0.0	0.0	0.0	0.0	0.0	0.0	0.0	0.0	0.0
C1I_T03_2	0.0	0.0	0.0	0.0	0.0	0.0	0.0	0.0	0.0	0.0	0.0	0.0	0.0	1.8336965580598756e-05	0.0	0.00019712237999143663	0.0	6.417937953209565e-05	0.0	0.0	0.0	0.0	1.8336965580598756e-05	0.0	0.0	0.0	0.0	0.0	0.00016044844883023913	9.168482790299378e-06	0.0	0.0	0.0	4.584241395149689e-05	0.0	0.0	0.0	0.0
C1I_T04_1	2.933165478050243e-05	0.02889167995879489	0.0	0.0	0.0	0.0	0.0	0.0	0.0	0.0	0.0	0.0	0.0	0.0	0.0	0.0	0.0	0.0	0.0	0.0	0.0	0.0	0.0	0.0	0.0	0.0	0.0	0.0	0.0	0.0	0.0	0.0	0.0	0.0	0.0	0.0	0.0	0.0
C1I_T04_2	0.0	0.0	0.0	0.0	2.933165478050243e-05	0.0	0.0	0.0	0.0	0.0	0.0	0.0	0.0	4.693064764880388e-05	1.173266191220097e-05	0.00021705424537571795	0.0	7.626230242930631e-05	5.866330956100485e-06	0.0	0.0	0.0	1.7598992868301457e-05	1.7598992868301457e-05	0.0	0.0	0.0	1.173266191220097e-05	0.00021705424537571795	1.173266191220097e-05	1.173266191220097e-05	0.0	1.173266191220097e-05	9.386129529760777e-05	1.7598992868301457e-05	0.0	0.0	0.0
C1I_T05_1	2.5331616187510706e-05	0.02885271083757469	0.0	0.0	0.0	0.0	0.0	0.0	0.0	0.0	0.0	0.0	0.0	0.0	0.0	0.0	0.0	0.0	0.0	0.0	0.0	0.0	0.0	0.0	0.0	0.0	0.0	0.0	0.0	0.0	0.0	0.0	0.0	0.0	0.0	0.0	0.0	0.0
C1I_T05_2	0.0	0.0	0.0	0.0	2.5331616187510706e-05	0.0	0.0	0.0	0.0	0.0	0.0	0.0	0.0	2.5331616187510706e-05	5.06632323750214e-06	0.00013679072741255778	0.0	4.559690913751927e-05	0.0	0.0	0.0	0.0	2.5331616187510706e-05	1.5198969712506422e-05	0.0	0.0	0.0	1.013264647500428e-05	0.00017732131331257492	2.026529295000856e-05	5.06632323750214e-06	0.0	5.06632323750214e-06	4.559690913751927e-05	5.06632323750214e-06	0.0	0.0	0.0
C1I_T10_1	2.788686188585461e-05	0.026910821719849702	0.0	0.0	0.0	0.0	0.0	0.0	0.0	0.0	0.0	0.0	0.0	0.0	0.0	0.0	0.0	0.0	0.0	0.0	0.0	0.0	0.0	0.0	0.0	0.0	0.0	0.0	0.0	0.0	0.0	0.0	0.0	0.0	0.0	0.0	0.0	0.0
C1I_T10_2	0.0	0.0	0.0	0.0	0.0	0.0	0.0	0.0	0.0	0.0	0.0	0.0	0.0	2.788686188585461e-05	0.0	0.00017847591606946954	0.0	5.01963513945383e-05	0.0	0.0	0.0	0.0	2.2309489508683692e-05	1.1154744754341846e-05	0.0	0.0	0.0	1.6732117131512766e-05	0.00021751752270966597	1.1154744754341846e-05	1.1154744754341846e-05	0.0	5.577372377170923e-06	6.692846852605107e-05	1.1154744754341846e-05	0.0	0.0	0.0
C1I_T15_1	5.690267906348433e-05	0.028792755606123068	0.0	0.0	0.0	0.0	0.0	0.0	0.0	0.0	0.0	0.0	0.0	0.0	0.0	0.0	0.0	0.0	0.0	0.0	0.0	0.0	0.0	0.0	0.0	0.0	0.0	0.0	0.0	0.0	0.0	0.0	0.0	0.0	0.0	0.0	0.0	0.0
C1I_T15_2	0.0	0.0	0.0	0.0	0.0	0.0	0.0	0.0	0.0	0.0	0.0	0.0	0.0	5.690267906348433e-06	0.0	0.00017639830509680142	0.0	1.1380535812696865e-05	0.0	0.0	0.0	0.0	0.0	0.0	0.0	0.0	0.0	0.0	0.00017639830509680142	0.0	0.0	0.0	0.0	1.7070803719045297e-05	0.0	0.0	0.0	0.0
C1I_T20_1	8.118863407836083e-05	0.029024936683013997	0.0	0.0	0.0	0.0	0.0	0.0	0.0	0.0	0.0	0.0	0.0	0.0	0.0	0.0	0.0	0.0	0.0	0.0	0.0	0.0	0.0	0.0	0.0	0.0	0.0	0.0	0.0	0.0	0.0	0.0	0.0	0.0	0.0	0.0	0.0	0.0
C1I_T20_2	0.0	0.0	0.0	0.0	0.0	0.0	0.0	0.0	0.0	0.0	0.0	0.0	0.0	3.653488533526237e-05	0.0	0.0001745555632684758	0.0	7.306977067052474e-05	0.0	0.0	0.0	0.0	8.118863407836084e-06	0.0	0.0	0.0	0.0	4.059431703918042e-06	0.0002151498803076562	4.059431703918042e-06	4.059431703918042e-06	0.0	4.059431703918042e-06	6.901033896660671e-05	0.0	0.0	0.0	0.0
C1M_T01_1	0.00011356241901579994	0.02892056270935705	0.0	0.0	0.0	0.0	0.0	0.0	0.0	0.0	0.0	0.0	0.0	0.0	0.0	0.0	0.0	0.0	0.0	0.0	0.0	0.0	0.0	0.0	0.0	0.0	0.0	0.0	0.0	0.0	0.0	0.0	0.0	0.0	0.0	0.0	0.0	0.0
C1M_T01_2	0.0	0.0	0.0	0.0	7.570827934386663e-05	0.0	0.0	0.0	0.0	0.0	0.0	0.0	0.0	3.7854139671933315e-05	1.5141655868773326e-05	0.00016655821455650657	0.0	6.0566623475093306e-05	0.0	0.0	0.0	0.0	3.0283311737546653e-05	3.7854139671933315e-05	0.0	0.0	0.0	3.0283311737546653e-05	0.0002044123542284399	1.5141655868773326e-05	1.5141655868773326e-05	0.0	1.5141655868773326e-05	8.327910727825328e-05	1.5141655868773326e-05	0.0	0.0	0.0
C1M_T02_1	7.892034858591835e-05	0.030042346028372916	0.0	0.0	0.0	0.0	0.0	0.0	0.0	0.0	0.0	0.0	0.0	0.0	0.0	0.0	0.0	0.0	0.0	0.0	0.0	0.0	0.0	0.0	0.0	0.0	0.0	0.0	0.0	0.0	0.0	0.0	0.0	0.0	0.0	0.0	0.0	0.0
C1M_T02_2	0.0	0.0	0.0	0.0	0.0	0.0	0.0	0.0	0.0	0.0	0.0	0.0	0.0	3.156813943436734e-05	0.0	0.00017362476688902035	0.0	6.313627886873468e-05	0.0	0.0	0.0	0.0	2.1045426289578228e-05	1.0522713144789114e-05	0.0	0.0	0.0	1.0522713144789114e-05	0.00016836341031662582	1.0522713144789114e-05	5.261356572394557e-06	0.0	5.261356572394557e-06	4.2090852579156456e-05	5.261356572394557e-06	0.0	0.0	0.0
C1M_T03_1	5.078364238565301e-05	0.029327553477714614	0.0	0.0	0.0	0.0	0.0	0.0	0.0	0.0	0.0	0.0	0.0	0.0	0.0	0.0	0.0	0.0	0.0	0.0	0.0	0.0	0.0	0.0	0.0	0.0	0.0	0.0	0.0	0.0	0.0	0.0	0.0	0.0	0.0	0.0	0.0	0.0
C1M_T03_2	0.0	0.0	0.0	0.0	2.5391821192826505e-05	0.0	0.0	0.0	0.0	0.0	0.0	0.0	0.0	6.0940370862783614e-05	0.0	0.00021836966225830795	0.0	8.125382781704483e-05	0.0	0.0	0.0	0.0	1.5235092715695904e-05	1.0156728477130604e-05	0.0	0.0	0.0	1.0156728477130604e-05	0.00016758601987265496	5.078364238565302e-06	5.078364238565302e-06	0.0	5.078364238565302e-06	9.141055629417542e-05	5.078364238565302e-06	0.0	0.0	0.0
C1M_T04_1	6.602922057127162e-05	0.026840878162221908	0.0	0.0	0.0	0.0	0.0	0.0	0.0	0.0	0.0	0.0	0.0	0.0	0.0	0.0	0.0	0.0	0.0	0.0	0.0	0.0	0.0	0.0	0.0	0.0	0.0	0.0	0.0	0.0	0.0	0.0	0.0	0.0	0.0	0.0	0.0	0.0
C1M_T04_2	0.0	0.0	0.0	0.0	0.0	0.0	0.0	0.0	0.0	0.0	0.0	0.0	0.0	2.6411688228508642e-05	0.0	0.0001848818175995605	0.0	3.961753234276297e-05	0.0	0.0	0.0	0.0	0.0	6.602922057127161e-06	0.0	0.0	0.0	0.0	0.00013205844114254323	0.0	0.0	0.0	6.602922057127161e-06	7.923506468552593e-05	1.9808766171381483e-05	0.0	0.0	0.0
C1M_T05_1	5.3927877396049295e-05	0.0288783783455844	0.0	0.0	0.0	0.0	0.0	0.0	0.0	0.0	0.0	0.0	0.0	0.0	0.0	0.0	0.0	0.0	0.0	0.0	0.0	0.0	0.0	0.0	0.0	0.0	0.0	0.0	0.0	0.0	0.0	0.0	0.0	0.0	0.0	0.0	0.0	0.0
C1M_T05_2	0.0	0.0	0.0	0.0	0.0	0.0	0.0	0.0	0.0	0.0	0.0	0.0	0.0	3.235672643762958e-05	0.0	0.00025885381150103664	0.0	5.932066513565423e-05	0.0	0.0	0.0	0.0	1.617836321881479e-05	5.39278773960493e-06	0.0	0.0	0.0	1.078557547920986e-05	0.00018874757088617255	5.39278773960493e-06	5.39278773960493e-06	0.0	5.39278773960493e-06	5.3927877396049295e-05	5.39278773960493e-06	0.0	0.0	0.0
C1M_T10_1	2.831070317275219e-05	0.028707053017170726	0.0	0.0	0.0	0.0	0.0	0.0	0.0	0.0	0.0	0.0	0.0	0.0	0.0	0.0	0.0	0.0	0.0	0.0	0.0	0.0	0.0	0.0	0.0	0.0	0.0	0.0	0.0	0.0	0.0	0.0	0.0	0.0	0.0	0.0	0.0	0.0
C1M_T10_2	0.0	0.0	0.0	0.0	5.662140634550438e-05	0.0	0.0	0.0	0.0	0.0	0.0	0.0	0.0	3.3972843807302635e-05	1.1324281269100877e-05	0.00017552635967106362	0.0	5.095926571095395e-05	0.0	0.0	0.0	0.0	2.2648562538201754e-05	3.9634984441853075e-05	0.0	0.0	0.0	2.2648562538201754e-05	0.0002151613441129167	1.1324281269100877e-05	1.1324281269100877e-05	0.0	1.1324281269100877e-05	6.794568761460527e-05	1.1324281269100877e-05	0.0	0.0	0.0
C1M_T15_1	7.387563135961451e-05	0.02856524412571761	0.0	0.0	0.0	0.0	0.0	0.0	0.0	0.0	0.0	0.0	0.0	0.0	0.0	0.0	0.0	0.0	0.0	0.0	0.0	0.0	0.0	0.0	0.0	0.0	0.0	0.0	0.0	0.0	0.0	0.0	0.0	0.0	0.0	0.0	0.0	0.0
C1M_T15_2	0.0	0.0	0.0	0.0	0.0	0.0	0.0	0.0	0.0	0.0	0.0	0.0	0.0	2.9550252543845804e-05	0.0	0.00016252638899115192	0.0	4.4325378815768704e-05	0.0	0.0	0.0	0.0	1.4775126271922902e-05	0.0	0.0	0.0	0.0	4.925042090640967e-06	0.00024132706244140738	1.4775126271922902e-05	9.850084181281934e-06	0.0	0.0	3.9400336725127736e-05	0.0	0.0	0.0	0.0
C1M_T20_1	9.577878930821374e-05	0.030721046670609563	0.0	0.0	0.0	0.0	0.0	0.0	0.0	0.0	0.0	0.0	0.0	0.0	0.0	0.0	0.0	0.0	0.0	0.0	0.0	0.0	0.0	0.0	0.0	0.0	0.0	0.0	0.0	0.0	0.0	0.0	0.0	0.0	0.0	0.0	0.0	0.0
C1M_T20_2	0.0	0.0	0.0	0.0	0.0	0.0	0.0	0.0	0.0	0.0	0.0	0.0	0.0	2.8733636792464128e-05	0.0	0.000153246062893142	0.0	4.788939465410687e-05	0.0	0.0	0.0	0.0	1.915575786164275e-05	1.915575786164275e-05	0.0	0.0	0.0	1.915575786164275e-05	0.00021071333647807027	9.577878930821375e-06	9.577878930821375e-06	0.0	9.577878930821375e-06	5.267833411951757e-05	9.577878930821375e-06	0.0	0.0	0.0
C2I_T01_1	0.0	0.028584617927675676	0.0	0.0	0.0	0.0	0.0	0.0	0.0	0.0	0.0	0.0	0.0	0.0	0.0	0.0	0.0	0.0	0.0	0.0	0.0	0.0	0.0	0.0	0.0	0.0	0.0	0.0	0.0	0.0	0.0	0.0	0.0	0.0	0.0	0.0	0.0	0.0
C2I_T01_2	0.0	0.0	0.0	0.0	0.0	0.0	0.0	0.0	0.0	0.0	0.0	0.0	0.0	3.2253447591171427e-05	0.0	0.00016126723795585713	0.0	5.644353328454999e-05	0.0	0.0	0.0	0.0	8.063361897792857e-06	0.0	0.0	0.0	0.0	0.0	0.0002177107712404071	0.0	0.0	0.0	0.0	7.257025708013571e-05	0.0	0.0	0.0	0.0
C2I_T02_1	3.773677467560525e-05	0.029925262317754962	0.0	0.0	0.0	0.0	0.0	0.0	0.0	0.0	0.0	0.0	0.0	0.0	0.0	0.0	0.0	0.0	0.0	0.0	0.0	0.0	0.0	0.0	0.0	0.0	0.0	0.0	0.0	0.0	0.0	0.0	0.0	0.0	0.0	0.0	0.0	0.0
C2I_T02_2	0.0	0.0	0.0	0.0	3.773677467560525e-05	0.0	0.0	0.0	0.0	0.0	0.0	0.0	0.0	3.773677467560525e-05	7.547354935121049e-06	0.00020377858324826834	0.0	6.792619441608946e-05	0.0	0.0	0.0	0.0	3.0189419740484196e-05	2.264206480536315e-05	0.0	0.0	0.0	2.264206480536315e-05	0.00023396800298875254	1.5094709870242098e-05	1.5094709870242098e-05	0.0	1.5094709870242098e-05	7.54735493512105e-05	7.547354935121049e-06	0.0	0.0	0.0
C2I_T03_1	4.144277209044802e-05	0.02677203077042942	0.0	0.0	0.0	0.0	0.0	0.0	0.0	0.0	0.0	0.0	0.0	0.0	0.0	0.0	0.0	0.0	0.0	0.0	0.0	0.0	0.0	0.0	0.0	0.0	0.0	0.0	0.0	0.0	0.0	0.0	0.0	0.0	0.0	0.0	0.0	0.0
C2I_T03_2	0.0	0.0	0.0	0.0	4.144277209044802e-05	0.0	0.0	0.0	0.0	0.0	0.0	0.0	0.0	3.315421767235842e-05	0.0	0.00017405964277988168	0.0	7.459698976280644e-05	0.0	0.0	0.0	0.0	2.4865663254268815e-05	1.657710883617921e-05	0.0	0.0	0.0	1.657710883617921e-05	0.00020721386045224012	1.657710883617921e-05	8.288554418089604e-06	0.0	8.288554418089604e-06	8.288554418089604e-05	1.657710883617921e-05	0.0	0.0	0.0
C2I_T04_1	6.17844205640794e-05	0.027061576207066777	0.0	0.0	0.0	0.0	0.0	0.0	0.0	0.0	0.0	0.0	0.0	0.0	0.0	0.0	0.0	0.0	0.0	0.0	0.0	0.0	0.0	0.0	0.0	0.0	0.0	0.0	0.0	0.0	0.0	0.0	0.0	0.0	0.0	0.0	0.0	0.0
C2I_T04_2	0.0	0.0	0.0	0.0	0.0	0.0	0.0	0.0	0.0	0.0	0.0	0.0	0.0	2.4713768225631762e-05	0.0	0.00021006702991786997	0.0	8.649818878971117e-05	0.0	0.0	0.0	0.0	1.2356884112815881e-05	0.0	0.0	0.0	0.0	0.0	0.00018535326169223822	1.2356884112815881e-05	0.0	0.0	0.0	4.9427536451263524e-05	0.0	0.0	0.0	0.0
C2I_T05_1	0.0	0.029272276033345087	0.0	0.0	0.0	0.0	0.0	0.0	0.0	0.0	0.0	0.0	0.0	0.0	0.0	0.0	0.0	0.0	0.0	0.0	0.0	0.0	0.0	0.0	0.0	0.0	0.0	0.0	0.0	0.0	0.0	0.0	0.0	0.0	0.0	0.0	0.0	0.0
C2I_T05_2	0.0	0.0	0.0	0.0	0.0	0.0	0.0	0.0	0.0	0.0	0.0	0.0	0.0	3.374325767532575e-05	0.0	0.0002277669893084488	0.0	6.74865153506515e-05	0.0	0.0	0.0	0.0	1.6871628837662875e-05	0.0	0.0	0.0	0.0	0.0	0.00018558791721429163	8.435814418831438e-06	0.0	0.0	8.435814418831438e-06	0.00010122977302597726	1.6871628837662875e-05	0.0	0.0	0.0
C2I_T10_1	8.320751663422267e-05	0.02554470760670636	0.0	0.0	0.0	0.0	0.0	0.0	0.0	0.0	0.0	0.0	0.0	0.0	0.0	0.0	0.0	0.0	0.0	0.0	0.0	0.0	0.0	0.0	0.0	0.0	0.0	0.0	0.0	0.0	0.0	0.0	0.0	0.0	0.0	0.0	0.0	0.0
C2I_T10_2	0.0	0.0	0.0	0.0	0.0	0.0	0.0	0.0	0.0	0.0	0.0	0.0	0.0	1.6641503326844534e-05	0.0	0.00013313202661475627	0.0	2.49622549902668e-05	0.0	0.0	0.0	0.0	0.0	0.0	0.0	0.0	0.0	0.0	0.000249622549902668	0.0	0.0	0.0	0.0	4.1603758317111336e-05	0.0	0.0	0.0	0.0
C2I_T15_1	4.973028778420237e-05	0.026257591950058855	0.0	0.0	0.0	0.0	0.0	0.0	0.0	0.0	0.0	0.0	0.0	0.0	0.0	0.0	0.0	0.0	0.0	0.0	0.0	0.0	0.0	0.0	0.0	0.0	0.0	0.0	0.0	0.0	0.0	0.0	0.0	0.0	0.0	0.0	0.0	0.0
C2I_T15_2	0.0	0.0	0.0	0.0	0.0	0.0	0.0	0.0	0.0	0.0	0.0	0.0	0.0	3.9784230227361905e-05	0.0	0.00017902903602312855	0.0	4.973028778420237e-05	0.0	0.0	0.0	0.0	0.0	0.0	0.0	0.0	0.0	0.0	0.0002486514389210119	0.0	0.0	0.0	0.0	7.956846045472381e-05	0.0	0.0	0.0	0.0
C2I_T20_1	0.00010976577301228454	0.029724571331726655	0.0	0.0	0.0	0.0	0.0	0.0	0.0	0.0	4.390630920491382e-06	0.0	0.0	0.0	0.0	0.0	0.0	0.0	0.0	0.0	0.0	0.0	0.0	0.0	0.0	0.0	0.0	0.0	0.0	0.0	0.0	0.0	0.0	0.0	0.0	0.0	0.0	0.0
C2I_T20_2	0.0	0.0	0.0	0.0	0.0	0.0	0.0	0.0	0.0	0.0	0.0	0.0	0.0	8.781261840982764e-06	0.0	0.00019318776050162082	0.0	2.634378552294829e-05	0.0	0.0	0.0	0.0	4.390630920491382e-06	0.0	0.0	0.0	0.0	0.0	0.00025465659338850014	0.0	0.0	0.0	0.0	3.9515678284422434e-05	0.0	0.0	0.0	0.0
C2M_T01_1	6.287999164953711e-05	0.028987676150436608	0.0	0.0	0.0	0.0	0.0	0.0	0.0	0.0	0.0	0.0	0.0	0.0	0.0	0.0	0.0	0.0	0.0	0.0	0.0	0.0	0.0	0.0	0.0	0.0	0.0	0.0	0.0	0.0	0.0	0.0	0.0	0.0	0.0	0.0	0.0	0.0
C2M_T01_2	0.0	0.0	0.0	0.0	0.0	0.0	0.0	0.0	0.0	0.0	0.0	0.0	0.0	3.7727994989722266e-05	0.0	0.00022007997077337987	0.0	5.0303993319629684e-05	0.0	0.0	0.0	0.0	6.2879991649537105e-06	0.0	0.0	0.0	0.0	0.0	0.00019492797411356505	0.0	0.0	0.0	0.0	3.1439995824768554e-05	0.0	0.0	0.0	0.0
C2M_T02_1	0.0	0.02980024280392193	0.0	0.0	0.0	0.0	0.0	0.0	0.0	0.0	0.0	0.0	0.0	0.0	0.0	0.0	0.0	0.0	0.0	0.0	0.0	0.0	0.0	0.0	0.0	0.0	0.0	0.0	0.0	0.0	0.0	0.0	0.0	0.0	0.0	0.0	0.0	0.0
C2M_T02_2	0.0	0.0	0.0	0.0	0.0	0.0	0.0	0.0	0.0	0.0	0.0	0.0	0.0	3.475246974218301e-05	0.0	0.00018534650529164273	0.0	5.212870461327452e-05	0.0	0.0	0.0	0.0	0.0	0.0	0.0	0.0	0.0	0.0	0.0001795544270012789	0.0	0.0	0.0	0.0	6.950493948436603e-05	1.158415658072767e-05	0.0	0.0	0.0
C2M_T03_1	3.391016789602329e-05	0.028314990193179446	0.0	0.0	0.0	0.0	0.0	0.0	0.0	0.0	6.782033579204658e-06	0.0	0.0	0.0	0.0	0.0	0.0	0.0	0.0	0.0	0.0	0.0	0.0	0.0	0.0	0.0	0.0	0.0	0.0	0.0	0.0	0.0	0.0	0.0	0.0	0.0	0.0	0.0
C2M_T03_2	0.0	0.0	0.0	0.0	0.0	0.0	0.0	0.0	0.0	0.0	0.0	0.0	0.0	2.7128134316818632e-05	0.0	0.00018311490663852574	0.0	4.069220147522794e-05	0.0	0.0	0.0	0.0	0.0	0.0	0.0	0.0	0.0	0.0	0.00021024304095534438	0.0	0.0	0.0	0.0	5.4256268633637264e-05	0.0	0.0	0.0	0.0
C2M_T04_1	8.474809687554954e-05	0.030170322487695637	0.0	0.0	0.0	0.0	0.0	0.0	0.0	0.0	0.0	0.0	0.0	0.0	0.0	0.0	0.0	0.0	0.0	0.0	0.0	0.0	0.0	0.0	0.0	0.0	0.0	0.0	0.0	0.0	0.0	0.0	0.0	0.0	0.0	0.0	0.0	0.0
C2M_T04_2	0.0	0.0	0.0	0.0	0.0	0.0	0.0	0.0	0.0	0.0	0.0	0.0	0.0	3.389923875021981e-05	0.0	0.00013559695500087925	0.0	4.237404843777477e-05	0.0	0.0	0.0	0.0	0.0	0.0	0.0	0.0	0.0	0.0	0.00017797100343865403	0.0	0.0	0.0	0.0	4.237404843777477e-05	0.0	0.0	0.0	0.0
C2M_T05_1	0.0	0.02995404391713015	0.0	0.0	0.0	0.0	0.0	0.0	0.0	0.0	0.0	0.0	0.0	0.0	0.0	0.0	0.0	0.0	0.0	0.0	0.0	0.0	0.0	0.0	0.0	0.0	0.0	0.0	0.0	0.0	0.0	0.0	0.0	0.0	0.0	0.0	0.0	0.0
C2M_T05_2	0.0	0.0	0.0	0.0	0.0	0.0	0.0	0.0	0.0	0.0	0.0	0.0	0.0	2.7703162004282218e-05	0.0	0.00020777371503211665	0.0	4.155474300642332e-05	0.0	0.0	0.0	0.0	6.9257905010705544e-06	0.0	0.0	0.0	0.0	0.0	0.0001939221340299755	6.9257905010705544e-06	0.0	0.0	6.9257905010705544e-06	6.925790501070554e-05	1.3851581002141109e-05	0.0	0.0	0.0
C2M_T10_1	6.574663023865042e-05	0.026824625137369364	0.0	0.0	0.0	0.0	0.0	0.0	0.0	0.0	0.0	0.0	0.0	0.0	0.0	0.0	0.0	0.0	0.0	0.0	0.0	0.0	0.0	0.0	0.0	0.0	0.0	0.0	0.0	0.0	0.0	0.0	0.0	0.0	0.0	0.0	0.0	0.0
C2M_T10_2	0.0	0.0	0.0	0.0	0.0	0.0	0.0	0.0	0.0	0.0	0.0	0.0	0.0	6.57466302386504e-06	0.0	0.00010519460838184064	0.0	6.57466302386504e-06	0.0	0.0	0.0	0.0	0.0	0.0	0.0	0.0	0.0	0.0	0.00018409056466822112	0.0	0.0	0.0	0.0	1.314932604773008e-05	0.0	0.0	0.0	0.0
C2M_T15_1	0.0	0.02924674929794324	0.0	0.0	0.0	0.0	0.0	0.0	0.0	0.0	0.0	0.0	0.0	0.0	0.0	0.0	0.0	0.0	0.0	0.0	0.0	0.0	0.0	0.0	0.0	0.0	0.0	0.0	0.0	0.0	0.0	0.0	0.0	0.0	0.0	0.0	0.0	0.0
C2M_T15_2	0.0	0.0	0.0	0.0	0.0	0.0	0.0	0.0	0.0	0.0	0.0	0.0	0.0	6.469327033646431e-05	0.0	0.00025877308134585725	0.0	9.703990550469647e-05	0.0	0.0	0.0	0.0	1.078221172274405e-05	0.0	0.0	0.0	0.0	0.0	0.00021564423445488102	0.0	0.0	0.0	5.391105861372025e-06	0.00011321322308881255	1.078221172274405e-05	0.0	0.0	0.0
C2M_T20_1	1.7675092560040964e-05	0.030896061794951604	0.0	0.0	0.0	0.0	0.0	0.0	0.0	0.0	0.0	0.0	0.0	0.0	0.0	0.0	0.0	0.0	0.0	0.0	0.0	0.0	0.0	0.0	0.0	0.0	0.0	0.0	0.0	0.0	0.0	0.0	0.0	0.0	0.0	0.0	0.0	0.0
C2M_T20_2	0.0	0.0	0.0	0.0	1.7675092560040964e-05	0.0	0.0	0.0	0.0	0.0	0.0	0.0	0.0	1.7675092560040964e-05	0.0	0.0002085660922084834	0.0	3.888520363209012e-05	0.0	0.0	0.0	0.0	1.0605055536024578e-05	7.0700370240163856e-06	0.0	0.0	0.0	7.0700370240163856e-06	0.0001484707775043441	3.5350185120081928e-06	3.5350185120081928e-06	0.0	3.5350185120081928e-06	4.242022214409831e-05	7.0700370240163856e-06	0.0	0.0	0.0
C3I_T01_1	4.649005868207657e-05	0.028289200708043593	0.0	0.0	0.0	0.0	0.0	0.0	0.0	0.0	0.0	0.0	0.0	0.0	0.0	0.0	0.0	0.0	0.0	0.0	0.0	0.0	0.0	0.0	0.0	0.0	0.0	0.0	0.0	0.0	0.0	0.0	0.0	0.0	0.0	0.0	0.0	0.0
C3I_T01_2	0.0	0.0	0.0	0.0	4.649005868207657e-05	0.0	0.0	0.0	0.0	0.0	0.0	0.0	0.0	1.859602347283063e-05	9.298011736415315e-06	0.00018596023472830628	4.649005868207657e-06	3.719204694566126e-05	0.0	0.0	0.0	0.0	1.859602347283063e-05	3.25430410774536e-05	0.0	0.0	0.0	1.859602347283063e-05	0.0002138542699375522	9.298011736415315e-06	9.298011736415315e-06	0.0	9.298011736415315e-06	3.719204694566126e-05	9.298011736415315e-06	0.0	0.0	0.0
C3I_T02_1	1.8061211975956193e-05	0.028392225226203133	0.0	0.0	0.0	0.0	0.0	0.0	0.0	0.0	0.0	0.0	0.0	0.0	0.0	0.0	0.0	0.0	0.0	0.0	0.0	0.0	0.0	0.0	0.0	0.0	0.0	0.0	0.0	0.0	0.0	0.0	0.0	0.0	0.0	0.0	0.0	0.0
C3I_T02_2	0.0	0.0	0.0	0.0	1.8061211975956193e-05	0.0	0.0	0.0	0.0	0.0	0.0	0.0	0.0	3.6122423951912385e-05	7.224484790382477e-06	0.00018422436215475316	3.6122423951912385e-06	6.502036311344229e-05	0.0	0.0	0.0	0.0	1.8061211975956193e-05	1.0836727185573716e-05	0.0	0.0	0.0	1.0836727185573716e-05	0.00020951005892109185	1.4448969580764954e-05	1.0836727185573716e-05	0.0	3.6122423951912385e-06	7.224484790382477e-05	7.224484790382477e-06	0.0	0.0	0.0
C3I_T03_1	5.201093790024042e-05	0.02816392287298019	0.0	0.0	0.0	0.0	0.0	0.0	0.0	0.0	0.0	0.0	0.0	0.0	0.0	0.0	0.0	0.0	0.0	0.0	0.0	0.0	0.0	0.0	0.0	0.0	0.0	0.0	0.0	0.0	0.0	0.0	0.0	0.0	0.0	0.0	0.0	0.0
C3I_T03_2	0.0	0.0	0.0	0.0	2.600546895012021e-05	0.0	0.0	0.0	0.0	0.0	0.0	0.0	0.0	1.0402187580048084e-05	1.0402187580048084e-05	0.00011962515717055296	0.0	3.6407656530168296e-05	0.0	0.0	0.0	0.0	1.0402187580048084e-05	1.5603281370072125e-05	0.0	0.0	0.0	1.0402187580048084e-05	0.0001612339074907453	5.201093790024042e-06	5.201093790024042e-06	0.0	5.201093790024042e-06	6.24131254802885e-05	1.0402187580048084e-05	0.0	0.0	0.0
C3I_T04_1	2.516135346946129e-05	0.02863362024824695	0.0	0.0	0.0	0.0	0.0	0.0	0.0	0.0	0.0	0.0	0.0	0.0	0.0	0.0	0.0	0.0	0.0	0.0	0.0	0.0	0.0	0.0	0.0	0.0	0.0	0.0	0.0	0.0	0.0	0.0	0.0	0.0	0.0	0.0	0.0	0.0
C3I_T04_2	0.0	0.0	0.0	0.0	0.0	0.0	0.0	0.0	0.0	0.0	0.0	0.0	0.0	2.012908277556903e-05	0.0	0.00021638763983736705	0.0	5.032270693892258e-05	5.032270693892257e-06	0.0	0.0	0.0	0.0	5.032270693892257e-06	0.0	0.0	0.0	0.0	0.00015600039151066	0.0	0.0	0.0	0.0	4.5290436245030315e-05	0.0	0.0	0.0	0.0
C3I_T05_1	9.856025641436308e-05	0.02897671538582275	0.0	0.0	0.0	0.0	0.0	0.0	0.0	0.0	0.0	0.0	0.0	0.0	0.0	0.0	0.0	0.0	0.0	0.0	0.0	0.0	0.0	0.0	0.0	0.0	0.0	0.0	0.0	0.0	0.0	0.0	0.0	0.0	0.0	0.0	0.0	0.0
C3I_T05_2	0.0	0.0	0.0	0.0	2.464006410359077e-05	0.0	0.0	0.0	0.0	0.0	0.0	0.0	0.0	3.942410256574523e-05	4.928012820718154e-06	0.00021190455129088066	0.0	6.406416666933601e-05	0.0	0.0	0.0	0.0	1.4784038462154463e-05	1.9712051282872616e-05	0.0	0.0	0.0	9.856025641436308e-06	0.00023161660257375326	9.856025641436308e-06	4.928012820718154e-06	0.0	4.928012820718154e-06	5.420814102789969e-05	4.928012820718154e-06	0.0	0.0	0.0
C3I_T10_1	0.00011395832828830318	0.025783071775228594	0.0	0.0	0.0	0.0	0.0	0.0	0.0	0.0	5.697916414415159e-06	0.0	0.0	0.0	0.0	0.0	0.0	0.0	0.0	0.0	0.0	0.0	0.0	0.0	0.0	0.0	0.0	0.0	0.0	0.0	0.0	0.0	0.0	0.0	0.0	0.0	0.0	0.0
C3I_T10_2	0.0	0.0	0.0	0.0	2.8489582072075795e-05	0.0	0.0	0.0	0.0	0.0	0.0	0.0	0.0	2.2791665657660637e-05	1.1395832828830319e-05	0.00015384374318920928	0.0	3.988541490090611e-05	0.0	0.0	0.0	0.0	1.1395832828830319e-05	1.7093749243245476e-05	0.0	0.0	0.0	1.1395832828830319e-05	0.00015954165960362443	5.697916414415159e-06	5.697916414415159e-06	0.0	5.697916414415159e-06	3.418749848649095e-05	5.697916414415159e-06	0.0	0.0	0.0
C3I_T15_1	1.9207882300243788e-05	0.029849049094578847	0.0	0.0	0.0	0.0	0.0	0.0	0.0	0.0	0.0	0.0	0.0	0.0	0.0	0.0	0.0	0.0	0.0	0.0	0.0	0.0	0.0	0.0	0.0	0.0	0.0	0.0	0.0	0.0	0.0	0.0	0.0	0.0	0.0	0.0	0.0	0.0
C3I_T15_2	0.0	0.0	0.0	0.0	0.0	0.0	0.0	0.0	0.0	0.0	0.0	0.0	0.0	5.762364690073136e-05	0.0	0.0001882372465423891	0.0	8.835625858112142e-05	0.0	0.0	0.0	0.0	1.536630584019503e-05	7.683152920097515e-06	0.0	0.0	0.0	1.536630584019503e-05	0.00019207882300243786	7.683152920097515e-06	7.683152920097515e-06	0.0	7.683152920097515e-06	8.06731056610239e-05	7.683152920097515e-06	0.0	0.0	0.0
C3I_T20_1	2.709063877558982e-05	0.03286094483479045	0.0	0.0	0.0	0.0	0.0	0.0	0.0	0.0	0.0	0.0	0.0	0.0	0.0	0.0	0.0	0.0	0.0	0.0	0.0	0.0	0.0	0.0	0.0	0.0	0.0	0.0	0.0	0.0	0.0	0.0	0.0	0.0	0.0	0.0	0.0	0.0
C3I_T20_2	0.0	0.0	0.0	0.0	0.0	0.0	0.0	0.0	0.0	0.0	0.0	0.0	0.0	3.792689428582575e-05	0.0	0.00020047072693936464	0.0	7.58537885716515e-05	0.0	0.0	0.0	0.0	1.6254383265353892e-05	0.0	0.0	0.0	0.0	0.0	0.00022214323795983652	1.0836255510235927e-05	5.4181277551179636e-06	0.0	0.0	7.58537885716515e-05	5.4181277551179636e-06	0.0	0.0	0.0
C3M_T01_1	2.5553612629208652e-05	0.02813452750475872	0.0	0.0	0.0	0.0	0.0	0.0	0.0	0.0	0.0	0.0	0.0	0.0	0.0	0.0	0.0	0.0	0.0	0.0	0.0	0.0	0.0	0.0	0.0	0.0	0.0	0.0	0.0	0.0	0.0	0.0	0.0	0.0	0.0	0.0	0.0	0.0
C3M_T01_2	0.0	0.0	0.0	0.0	2.5553612629208652e-05	0.0	0.0	0.0	0.0	0.0	0.0	0.0	0.0	1.533216757752519e-05	0.0	0.00019420745598198574	0.0	3.577505768089211e-05	0.0	0.0	0.0	0.0	1.022144505168346e-05	1.022144505168346e-05	0.0	0.0	0.0	1.022144505168346e-05	0.00013287878567188496	5.11072252584173e-06	5.11072252584173e-06	0.0	5.11072252584173e-06	2.5553612629208652e-05	5.11072252584173e-06	0.0	0.0	0.0
C3M_T02_1	4.281659554116537e-05	0.030164291558751007	0.0	0.0	0.0	0.0	0.0	0.0	0.0	0.0	0.0	0.0	0.0	0.0	0.0	0.0	0.0	0.0	0.0	0.0	0.0	0.0	0.0	0.0	0.0	0.0	0.0	0.0	0.0	0.0	0.0	0.0	0.0	0.0	0.0	0.0	0.0	0.0
C3M_T02_2	0.0	0.0	0.0	0.0	2.1408297770582686e-05	0.0	0.0	0.0	0.0	0.0	0.0	0.0	0.0	8.563319108233074e-06	8.563319108233074e-06	0.0001841113608270111	0.0	2.997161687881576e-05	0.0	0.0	0.0	0.0	1.2844978662349612e-05	1.2844978662349612e-05	0.0	0.0	0.0	8.563319108233074e-06	0.0002183646372599434	8.563319108233074e-06	4.281659554116537e-06	0.0	8.563319108233074e-06	5.137991464939845e-05	1.2844978662349612e-05	0.0	0.0	0.0
C3M_T03_1	4.28058919741949e-05	0.030242362679768695	0.0	0.0	0.0	0.0	0.0	0.0	0.0	0.0	0.0	0.0	0.0	0.0	0.0	0.0	0.0	0.0	0.0	0.0	0.0	0.0	0.0	0.0	0.0	0.0	0.0	0.0	0.0	0.0	0.0	0.0	0.0	0.0	0.0	0.0	0.0	0.0
C3M_T03_2	0.0	0.0	0.0	0.0	0.0	0.0	0.0	0.0	0.0	0.0	0.0	0.0	0.0	3.4244713579355916e-05	0.0	0.00017550415709419908	0.0	5.992824876387285e-05	0.0	0.0	0.0	0.0	2.140294598709745e-05	4.2805891974194895e-06	0.0	0.0	0.0	8.561178394838979e-06	0.00018406533548903805	8.561178394838979e-06	4.2805891974194895e-06	0.0	8.561178394838979e-06	4.708648117161438e-05	8.561178394838979e-06	0.0	0.0	0.0
C3M_T04_1	7.663649572981446e-05	0.031114417266304668	0.0	0.0	0.0	0.0	0.0	0.0	0.0	0.0	5.1090997153209635e-06	0.0	0.0	0.0	0.0	0.0	0.0	0.0	0.0	0.0	0.0	0.0	0.0	0.0	0.0	0.0	0.0	0.0	0.0	0.0	0.0	0.0	0.0	0.0	0.0	0.0	0.0	0.0
C3M_T04_2	0.0	0.0	0.0	0.0	2.554549857660482e-05	0.0	0.0	0.0	0.0	0.0	0.0	0.0	0.0	3.5763698007246745e-05	0.0	0.00014305479202898698	0.0	5.109099715320964e-05	0.0	0.0	0.0	0.0	2.0436398861283854e-05	1.532729914596289e-05	0.0	0.0	0.0	1.0218199430641927e-05	0.00022990948718944337	1.0218199430641927e-05	5.1090997153209635e-06	0.0	5.1090997153209635e-06	5.6200096868530596e-05	5.1090997153209635e-06	0.0	0.0	0.0
C3M_T05_1	2.35993714071432e-05	0.029971201687071864	0.0	0.0	0.0	0.0	0.0	0.0	0.0	0.0	0.0	0.0	0.0	0.0	0.0	0.0	0.0	0.0	0.0	0.0	0.0	0.0	0.0	0.0	0.0	0.0	0.0	0.0	0.0	0.0	0.0	0.0	0.0	0.0	0.0	0.0	0.0	0.0
C3M_T05_2	0.0	0.0	0.0	0.0	0.0	0.0	0.0	0.0	0.0	0.0	0.0	0.0	0.0	1.4159622844285919e-05	0.0	0.00015575585128714512	0.0	2.35993714071432e-05	0.0	0.0	0.0	0.0	0.0	0.0	0.0	0.0	0.0	0.0	0.00022183409122714608	0.0	0.0	0.0	0.0	1.887949712571456e-05	0.0	0.0	0.0	0.0
C3M_T10_1	0.0	0.02703824761473757	0.0	0.0	0.0	0.0	0.0	0.0	0.0	0.0	0.0	0.0	0.0	0.0	0.0	0.0	0.0	0.0	0.0	0.0	0.0	0.0	0.0	0.0	0.0	0.0	0.0	0.0	0.0	0.0	0.0	0.0	0.0	0.0	0.0	0.0	0.0	0.0
C3M_T10_2	0.0	0.0	0.0	0.0	4.794015534527938e-05	0.0	0.0	0.0	0.0	0.0	0.0	0.0	0.0	1.917606213811175e-05	9.588031069055876e-06	0.00016299652817394988	4.794015534527938e-06	4.3146139810751446e-05	0.0	0.0	0.0	0.0	1.917606213811175e-05	2.397007767263969e-05	0.0	0.0	0.0	1.917606213811175e-05	0.0001773785747775337	9.588031069055876e-06	9.588031069055876e-06	0.0	9.588031069055876e-06	5.273417087980732e-05	9.588031069055876e-06	0.0	0.0	0.0
C3M_T15_1	5.8201639190966175e-05	0.029450029430628886	0.0	0.0	0.0	0.0	0.0	0.0	0.0	0.0	0.0	0.0	0.0	0.0	0.0	0.0	0.0	0.0	0.0	0.0	0.0	0.0	0.0	0.0	0.0	0.0	0.0	0.0	0.0	0.0	0.0	0.0	0.0	0.0	0.0	0.0	0.0	0.0
C3M_T15_2	0.0	0.0	0.0	0.0	1.9400546396988724e-05	0.0	0.0	0.0	0.0	0.0	0.0	0.0	0.0	2.7160764955784216e-05	0.0	0.00018624524541109176	0.0	5.432152991156843e-05	0.0	0.0	0.0	0.0	2.328065567638647e-05	1.1640327838193235e-05	0.0	0.0	0.0	1.552043711759098e-05	0.00017848502685229628	1.1640327838193235e-05	7.76021855879549e-06	0.0	7.76021855879549e-06	5.044142063217069e-05	7.76021855879549e-06	0.0	0.0	0.0
C3M_T20_1	2.347751265144463e-05	0.028924295586579787	0.0	0.0	0.0	0.0	0.0	0.0	0.0	0.0	0.0	0.0	0.0	0.0	0.0	0.0	0.0	0.0	0.0	0.0	0.0	0.0	0.0	0.0	0.0	0.0	0.0	0.0	0.0	0.0	0.0	0.0	0.0	0.0	0.0	0.0	0.0	0.0
C3M_T20_2	0.0	0.0	0.0	0.0	0.0	0.0	0.0	0.0	0.0	0.0	0.0	0.0	0.0	2.8173015181733552e-05	0.0	0.00017373359362069025	0.0	6.573703542404496e-05	0.0	0.0	0.0	0.0	1.4086507590866776e-05	9.391005060577852e-06	0.0	0.0	0.0	9.391005060577852e-06	0.00020660211133271275	9.391005060577852e-06	4.695502530288926e-06	0.0	4.695502530288926e-06	6.104153289375603e-05	9.391005060577852e-06	0.0	0.0	0.0
Host_DP05_rep1_1	5.086852926873437e-05	0.030114169327090747	0.0	0.0	0.0	0.0	0.0	0.0	0.0	0.0	0.0	0.0	0.0	0.0	0.0	0.0	0.0	0.0	0.0	0.0	0.0	0.0	0.0	0.0	0.0	0.0	0.0	0.0	0.0	0.0	0.0	0.0	0.0	0.0	0.0	0.0	0.0	0.0
Host_DP05_rep1_2	0.0	0.0	0.0	0.0	0.0	0.0	0.0	0.0	0.0	0.0	0.0	0.0	0.0	2.5434264634367185e-05	0.0	0.00016277929365995	0.0	5.086852926873437e-05	0.0	0.0	0.0	0.0	1.5260558780620312e-05	5.086852926873438e-06	0.0	0.0	0.0	0.0	0.0002085609700018109	1.0173705853746875e-05	5.086852926873438e-06	0.0	0.0	5.086852926873437e-05	5.086852926873438e-06	0.0	0.0	0.0
Host_DP05_rep2_1	5.2841512715121096e-05	0.028877886698813682	0.0	0.0	0.0	0.0	0.0	0.0	0.0	0.0	0.0	0.0	0.0	0.0	0.0	0.0	0.0	0.0	0.0	0.0	0.0	0.0	0.0	0.0	0.0	0.0	0.0	0.0	0.0	0.0	0.0	0.0	0.0	0.0	0.0	0.0	0.0	0.0
Host_DP05_rep2_2	0.0	0.0	0.0	0.0	0.0	0.0	0.0	0.0	0.0	0.0	0.0	0.0	0.0	1.056830254302422e-05	0.0	0.00014795623560233907	0.0	2.6420756357560548e-05	0.0	0.0	0.0	0.0	0.0	0.0	0.0	0.0	0.0	0.0	0.00017966114323141174	0.0	0.0	0.0	0.0	1.056830254302422e-05	0.0	0.0	0.0	0.0
Host_DP05_rep3_1	1.8925246600694518e-05	0.030469647027118178	0.0	0.0	0.0	0.0	0.0	0.0	0.0	0.0	0.0	0.0	0.0	0.0	0.0	0.0	0.0	0.0	0.0	0.0	0.0	0.0	0.0	0.0	0.0	0.0	0.0	0.0	0.0	0.0	0.0	0.0	0.0	0.0	0.0	0.0	0.0	0.0
Host_DP05_rep3_2	0.0	0.0	0.0	0.0	0.0	0.0	0.0	0.0	0.0	0.0	0.0	0.0	0.0	4.163554252152794e-05	0.0	0.00021574781124791752	0.0	6.813088776250027e-05	0.0	0.0	0.0	0.0	1.135514796041671e-05	0.0	0.0	0.0	0.0	7.570098640277807e-06	0.00020817771260763974	1.135514796041671e-05	3.7850493201389036e-06	0.0	3.7850493201389036e-06	6.813088776250027e-05	3.7850493201389036e-06	0.0	0.0	0.0
Host_DP12_rep1_1	5.75744240590468e-05	0.027942787143324047	0.0	0.0	0.0	0.0	0.0	0.0	0.0	0.0	0.0	0.0	0.0	0.0	0.0	0.0	0.0	0.0	0.0	0.0	0.0	0.0	0.0	0.0	0.0	0.0	0.0	0.0	0.0	0.0	0.0	0.0	0.0	0.0	0.0	0.0	0.0	0.0
Host_DP12_rep1_2	0.0	0.0	0.0	0.0	0.0	0.0	0.0	0.0	0.0	0.0	0.0	0.0	0.0	1.919147468634893e-05	0.0	0.00016120838736533103	0.0	3.838294937269786e-05	0.0	0.0	0.0	0.0	3.838294937269787e-06	3.838294937269787e-06	0.0	0.0	0.0	3.838294937269787e-06	0.00014969350255352167	3.838294937269787e-06	3.838294937269787e-06	0.0	0.0	4.9897834184507217e-05	0.0	0.0	0.0	0.0
Host_DP12_rep2_1	0.0	0.031170782455471016	0.0	0.0	0.0	0.0	0.0	0.0	0.0	0.0	0.0	0.0	0.0	0.0	0.0	0.0	0.0	0.0	0.0	0.0	0.0	0.0	0.0	0.0	0.0	0.0	0.0	0.0	0.0	0.0	0.0	0.0	0.0	0.0	0.0	0.0	0.0	0.0
Host_DP12_rep2_2	0.0	0.0	0.0	0.0	2.4582636005891967e-05	0.0	0.0	0.0	0.0	0.0	0.0	0.0	0.0	2.4582636005891967e-05	4.916527201178394e-06	0.00022124372405302772	0.0	5.899832641414072e-05	0.0	0.0	0.0	0.0	1.474958160353518e-05	1.474958160353518e-05	0.0	0.0	0.0	9.833054402356788e-06	0.00019666108804713574	9.833054402356788e-06	4.916527201178394e-06	0.0	9.833054402356788e-06	5.899832641414072e-05	9.833054402356788e-06	0.0	0.0	0.0
Host_DP12_rep3_1	0.00012388181179627387	0.027976642497325187	0.0	0.0	0.0	0.0	0.0	0.0	0.0	0.0	0.0	0.0	0.0	0.0	0.0	0.0	0.0	0.0	0.0	0.0	0.0	0.0	0.0	0.0	0.0	0.0	0.0	0.0	0.0	0.0	0.0	0.0	0.0	0.0	0.0	0.0	0.0	0.0
Host_DP12_rep3_2	0.0	0.0	0.0	0.0	0.0	0.0	0.0	0.0	0.0	0.0	0.0	0.0	0.0	2.8905756085797238e-05	0.0	0.00019821089887403823	0.0	5.368211844505202e-05	0.0	0.0	0.0	0.0	1.238818117962739e-05	4.129393726542463e-06	0.0	0.0	0.0	8.258787453084926e-06	0.00019821089887403823	4.129393726542463e-06	4.129393726542463e-06	0.0	8.258787453084926e-06	7.432908707776434e-05	1.238818117962739e-05	0.0	0.0	0.0
Host_DP15_rep1_1	0.0001146370145036458	0.02888852765491874	0.0	0.0	0.0	0.0	0.0	0.0	0.0	0.0	0.0	0.0	0.0	0.0	0.0	0.0	0.0	0.0	0.0	0.0	0.0	0.0	0.0	0.0	0.0	0.0	0.0	0.0	0.0	0.0	0.0	0.0	0.0	0.0	0.0	0.0	0.0	0.0
Host_DP15_rep1_2	0.0	0.0	0.0	0.0	2.292740290072916e-05	0.0	0.0	0.0	0.0	0.0	0.0	0.0	0.0	1.3756441740437496e-05	9.170961160291665e-06	0.0001283934562440833	0.0	2.292740290072916e-05	0.0	0.0	0.0	0.0	9.170961160291665e-06	1.3756441740437496e-05	0.0	0.0	0.0	9.170961160291665e-06	0.00019259018436612496	4.585480580145833e-06	4.585480580145833e-06	0.0	4.585480580145833e-06	5.5025766961749985e-05	9.170961160291665e-06	0.0	0.0	0.0
Host_DP15_rep2_1	3.502906711989609e-05	0.030405230260069804	0.0	0.0	0.0	0.0	0.0	0.0	0.0	0.0	0.0	0.0	0.0	0.0	0.0	0.0	0.0	0.0	0.0	0.0	0.0	0.0	0.0	0.0	0.0	0.0	0.0	0.0	0.0	0.0	0.0	0.0	0.0	0.0	0.0	0.0	0.0	0.0
Host_DP15_rep2_2	0.0	0.0	0.0	0.0	1.7514533559948043e-05	0.0	0.0	0.0	0.0	0.0	0.0	0.0	0.0	2.4520346983927263e-05	7.005813423979218e-06	0.00017514533559948045	3.502906711989609e-06	3.85319738318857e-05	0.0	0.0	0.0	0.0	1.4011626847958437e-05	1.4011626847958437e-05	0.0	0.0	0.0	1.0508720135968827e-05	0.0001961627758714181	1.0508720135968827e-05	1.0508720135968827e-05	0.0	7.005813423979218e-06	6.305232081581295e-05	7.005813423979218e-06	0.0	0.0	0.0
Host_DP15_rep3_1	3.604678512241038e-05	0.028116492395480093	0.0	0.0	0.0	0.0	0.0	0.0	0.0	0.0	0.0	0.0	0.0	0.0	0.0	0.0	0.0	0.0	0.0	0.0	0.0	0.0	0.0	0.0	0.0	0.0	0.0	0.0	0.0	0.0	0.0	0.0	0.0	0.0	0.0	0.0	0.0	0.0
Host_DP15_rep3_2	0.0	0.0	0.0	0.0	0.0	0.0	0.0	0.0	0.0	0.0	0.0	0.0	0.0	3.604678512241038e-05	0.0	0.00020907135370998016	0.0	6.127953470809764e-05	0.0	0.0	0.0	0.0	1.441871404896415e-05	0.0	0.0	0.0	0.0	0.0	0.00022349006775894433	7.209357024482075e-06	0.0	0.0	0.0	6.848889173257972e-05	3.6046785122410376e-06	0.0	0.0	0.0
Host_Mix_rep1_1	4.538119980933845e-05	0.029316255076832644	0.0	0.0	0.0	0.0	0.0	0.0	0.0	0.0	0.0	0.0	0.0	0.0	0.0	0.0	0.0	0.0	0.0	0.0	0.0	0.0	0.0	0.0	0.0	0.0	0.0	0.0	0.0	0.0	0.0	0.0	0.0	0.0	0.0	0.0	0.0	0.0
Host_Mix_rep1_2	0.0	0.0	0.0	0.0	1.5127066603112818e-05	0.0	0.0	0.0	0.0	0.0	0.0	0.0	0.0	4.235578648871589e-05	3.0254133206225636e-06	0.00018757562587859894	0.0	7.260991969494152e-05	0.0	0.0	0.0	0.0	2.420330656498051e-05	1.2101653282490254e-05	0.0	0.0	0.0	1.5127066603112818e-05	0.00022388058572606967	1.2101653282490254e-05	9.07623996186769e-06	0.0	6.050826641245127e-06	7.866074633618665e-05	9.07623996186769e-06	0.0	0.0	0.0
Host_Mix_rep2_1	2.1729635528823274e-05	0.02905252270203672	0.0	0.0	0.0	0.0	0.0	0.0	0.0	0.0	0.0	0.0	0.0	0.0	0.0	0.0	0.0	0.0	0.0	0.0	0.0	0.0	0.0	0.0	0.0	0.0	0.0	0.0	0.0	0.0	0.0	0.0	0.0	0.0	0.0	0.0	0.0	0.0
Host_Mix_rep2_2	0.0	0.0	0.0	0.0	2.1729635528823274e-05	0.0	0.0	0.0	0.0	0.0	0.0	0.0	0.0	3.91133439518819e-05	8.69185421152931e-06	0.00016949115712482153	4.345927105764655e-06	6.0842979480705166e-05	0.0	0.0	0.0	0.0	1.3037781317293965e-05	1.738370842305862e-05	0.0	0.0	0.0	8.69185421152931e-06	0.0001434155944902336	8.69185421152931e-06	8.69185421152931e-06	0.0	4.345927105764655e-06	4.7805198163411204e-05	4.345927105764655e-06	0.0	0.0	0.0
Host_Mix_rep3_1	1.8074083499373912e-05	0.029768015523468836	0.0	0.0	0.0	0.0	0.0	0.0	0.0	0.0	0.0	0.0	0.0	0.0	0.0	0.0	0.0	0.0	0.0	0.0	0.0	0.0	0.0	0.0	0.0	0.0	0.0	0.0	0.0	0.0	0.0	0.0	0.0	0.0	0.0	0.0	0.0	0.0
Host_Mix_rep3_2	0.0	0.0	0.0	0.0	0.0	0.0	0.0	0.0	0.0	0.0	0.0	0.0	0.0	2.1688900199248697e-05	0.0	0.00018074083499373914	0.0	5.0607433798246956e-05	0.0	0.0	0.0	0.0	7.229633399749565e-06	0.0	0.0	0.0	0.0	3.6148166998747824e-06	0.000216889001992487	3.6148166998747824e-06	3.6148166998747824e-06	0.0	3.6148166998747824e-06	6.145188389787131e-05	7.229633399749565e-06	0.0	0.0	0.0
Phage_Bill_rep1_1	2.352093316009382e-05	0.03010679444492009	0.0	0.0	0.0	0.0	0.0	0.0	0.0	0.0	0.0	0.0	0.0	0.0	0.0	0.0	0.0	0.0	0.0	0.0	0.0	0.0	0.0	0.0	0.0	0.0	0.0	0.0	0.0	0.0	0.0	0.0	0.0	0.0	0.0	0.0	0.0	0.0
Phage_Bill_rep1_2	0.0	0.0	0.0	0.0	0.0	0.0	0.0	0.0	0.0	0.0	0.0	0.0	0.0	1.4112559896056293e-05	0.0	0.0001176046658004691	0.0	2.8225119792112585e-05	0.0	0.0	0.0	0.0	4.704186632018764e-06	0.0	0.0	0.0	0.0	0.0	0.0001975758385447881	0.0	0.0	0.0	0.0	4.233767968816888e-05	0.0	0.0	0.0	0.0
Phage_Bill_rep2_1	7.942037948116254e-05	0.028591336613218516	0.0	0.0	0.0	0.0	0.0	0.0	0.0	0.0	0.0	0.0	0.0	0.0	0.0	0.0	0.0	0.0	0.0	0.0	0.0	0.0	0.0	0.0	0.0	0.0	0.0	0.0	0.0	0.0	0.0	0.0	0.0	0.0	0.0	0.0	0.0	0.0
Phage_Bill_rep2_2	0.0	0.0	0.0	0.0	2.6473459827054182e-05	0.0	0.0	0.0	0.0	0.0	0.0	0.0	0.0	2.6473459827054182e-05	5.294691965410836e-06	0.00019060891075479012	0.0	5.82416116195192e-05	0.0	0.0	0.0	0.0	1.588407589623251e-05	2.1178767861643345e-05	0.0	0.0	0.0	1.0589383930821673e-05	0.00022767175451266595	5.294691965410836e-06	5.294691965410836e-06	0.0	5.294691965410836e-06	0.0001005991473428059	1.588407589623251e-05	0.0	0.0	0.0
Phage_Bill_rep3_1	0.0	0.029117261683301247	0.0	0.0	0.0	0.0	0.0	0.0	0.0	0.0	0.0	0.0	0.0	0.0	0.0	0.0	0.0	0.0	0.0	0.0	0.0	0.0	0.0	0.0	0.0	0.0	0.0	0.0	0.0	0.0	0.0	0.0	0.0	0.0	0.0	0.0	0.0	0.0
Phage_Bill_rep3_2	0.0	0.0	0.0	0.0	0.0	0.0	0.0	0.0	0.0	0.0	0.0	0.0	0.0	3.3087797367387785e-05	0.0	0.00020955604999345597	0.0	6.985201666448532e-05	0.0	0.0	0.0	0.0	1.4705687718839015e-05	3.6764219297097538e-06	0.0	0.0	0.0	7.3528438594195076e-06	0.00020587962806374623	3.6764219297097538e-06	3.6764219297097538e-06	0.0	3.6764219297097538e-06	5.882275087535606e-05	3.6764219297097538e-06	0.0	0.0	0.0
Phage_Bob_rep1_1	6.288142826360901e-05	0.028757773192557186	0.0	0.0	0.0	0.0	0.0	0.0	0.0	0.0	0.0	0.0	0.0	0.0	0.0	0.0	0.0	0.0	0.0	0.0	0.0	0.0	0.0	0.0	0.0	0.0	0.0	0.0	0.0	0.0	0.0	0.0	0.0	0.0	0.0	0.0	0.0	0.0
Phage_Bob_rep1_2	0.0	0.0	0.0	0.0	2.0960476087869668e-05	0.0	0.0	0.0	0.0	0.0	0.0	0.0	0.0	2.0960476087869668e-05	0.0	0.00019702847522597486	0.0	5.449723782846114e-05	0.0	0.0	0.0	0.0	2.0960476087869668e-05	1.6768380870295737e-05	0.0	0.0	0.0	2.5152571305443605e-05	0.00017606799913810522	1.2576285652721803e-05	1.2576285652721803e-05	0.0	1.2576285652721803e-05	5.449723782846114e-05	1.2576285652721803e-05	0.0	0.0	0.0
Phage_Bob_rep2_1	1.899338840149744e-05	0.029154851196298567	0.0	0.0	0.0	0.0	0.0	0.0	0.0	0.0	0.0	0.0	0.0	0.0	0.0	0.0	0.0	0.0	0.0	0.0	0.0	0.0	0.0	0.0	0.0	0.0	0.0	0.0	0.0	0.0	0.0	0.0	0.0	0.0	0.0	0.0	0.0	0.0
Phage_Bob_rep2_2	0.0	0.0	0.0	0.0	1.899338840149744e-05	0.0	0.0	0.0	0.0	0.0	0.0	0.0	0.0	1.5194710721197952e-05	3.798677680299488e-06	0.00018993388401497438	0.0	4.558413216359385e-05	0.0	0.0	0.0	0.0	1.1396033040898463e-05	1.1396033040898463e-05	0.0	0.0	0.0	7.597355360598976e-06	0.0002165246277770708	3.798677680299488e-06	3.798677680299488e-06	0.0	3.798677680299488e-06	5.318148752419283e-05	3.798677680299488e-06	0.0	0.0	0.0
Phage_Bob_rep3_1	9.920416435272954e-05	0.030713609283605066	0.0	0.0	0.0	0.0	0.0	0.0	0.0	0.0	0.0	0.0	0.0	0.0	0.0	0.0	0.0	0.0	0.0	0.0	0.0	0.0	0.0	0.0	0.0	0.0	0.0	0.0	0.0	0.0	0.0	0.0	0.0	0.0	0.0	0.0	0.0	0.0
Phage_Bob_rep3_2	0.0	0.0	0.0	0.0	0.0	0.0	0.0	0.0	0.0	0.0	0.0	0.0	0.0	2.777716601876427e-05	0.0	0.00015475849639025807	0.0	3.968166574109181e-05	0.0	0.0	0.0	0.0	1.1904499722327544e-05	7.936333148218363e-06	0.0	0.0	0.0	7.936333148218363e-06	0.00020237649527956824	7.936333148218363e-06	7.936333148218363e-06	0.0	3.968166574109181e-06	6.745883175985609e-05	7.936333148218363e-06	0.0	0.0	0.0
Phage_CCS4_rep1_1	3.9175742380318105e-05	0.03059625479902844	0.0	0.0	0.0	0.0	0.0	0.0	0.0	0.0	0.0	0.0	0.0	0.0	0.0	0.0	0.0	0.0	0.0	0.0	0.0	0.0	0.0	0.0	0.0	0.0	0.0	0.0	0.0	0.0	0.0	0.0	0.0	0.0	0.0	0.0	0.0	0.0
Phage_CCS4_rep1_2	0.0	0.0	0.0	0.0	0.0	0.0	0.0	0.0	0.0	0.0	0.0	0.0	0.0	1.1752722714095433e-05	0.0	0.0001527853952832406	0.0	2.7423019666222672e-05	0.0	0.0	0.0	0.0	3.917574238031811e-06	0.0	0.0	0.0	0.0	0.0	0.00021546658309174957	0.0	0.0	0.0	0.0	3.5258168142286295e-05	0.0	0.0	0.0	0.0
Phage_CCS4_rep2_1	0.0	0.02866827704189336	0.0	0.0	0.0	0.0	0.0	0.0	0.0	0.0	0.0	0.0	0.0	0.0	0.0	0.0	0.0	0.0	0.0	0.0	0.0	0.0	0.0	0.0	0.0	0.0	0.0	0.0	0.0	0.0	0.0	0.0	0.0	0.0	0.0	0.0	0.0	0.0
Phage_CCS4_rep2_2	0.0	0.0	0.0	0.0	0.0	0.0	0.0	0.0	0.0	0.0	0.0	0.0	0.0	3.20614468315676e-05	0.0	0.0001816815320455497	0.0	6.946646813506312e-05	0.0	0.0	0.0	0.0	2.137429788771173e-05	1.60307234157838e-05	0.0	0.0	0.0	3.7405021303495526e-05	0.00018702510651747762	2.137429788771173e-05	2.137429788771173e-05	0.0	2.137429788771173e-05	6.946646813506312e-05	2.137429788771173e-05	0.0	0.0	0.0
Phage_CCS4_rep3_1	2.1263733448044086e-05	0.029471534558989106	0.0	0.0	0.0	0.0	0.0	0.0	0.0	0.0	0.0	0.0	0.0	0.0	0.0	0.0	0.0	0.0	0.0	0.0	0.0	0.0	0.0	0.0	0.0	0.0	0.0	0.0	0.0	0.0	0.0	0.0	0.0	0.0	0.0	0.0	0.0	0.0
Phage_CCS4_rep3_2	0.0	0.0	0.0	0.0	2.1263733448044086e-05	0.0	0.0	0.0	0.0	0.0	0.0	0.0	0.0	3.402197351687054e-05	4.252746689608818e-06	0.00017861536096357034	0.0	5.103296027530581e-05	0.0	0.0	0.0	0.0	2.1263733448044086e-05	1.2758240068826452e-05	0.0	0.0	0.0	1.2758240068826452e-05	0.00020838458779083206	8.505493379217636e-06	8.505493379217636e-06	0.0	8.505493379217636e-06	4.678021358569699e-05	4.252746689608818e-06	0.0	0.0	0.0
Phage_Car_rep1_1	2.102106015933123e-05	0.031657716599952826	0.0	0.0	0.0	0.0	0.0	0.0	0.0	0.0	0.0	0.0	0.0	0.0	0.0	0.0	0.0	0.0	0.0	0.0	0.0	0.0	0.0	0.0	0.0	0.0	0.0	0.0	0.0	0.0	0.0	0.0	0.0	0.0	0.0	0.0	0.0	0.0
Phage_Car_rep1_2	0.0	0.0	0.0	0.0	2.102106015933123e-05	0.0	0.0	0.0	0.0	0.0	0.0	0.0	0.0	5.045054438239494e-05	8.408424063732492e-06	0.00021021060159331228	4.204212031866246e-06	9.669687673292366e-05	0.0	0.0	0.0	0.0	2.9429484223063717e-05	2.102106015933123e-05	0.0	0.0	0.0	1.6816848127464983e-05	0.00015555584517905108	1.6816848127464983e-05	8.408424063732492e-06	0.0	8.408424063732492e-06	0.00010090108876478989	1.6816848127464983e-05	0.0	0.0	0.0
Phage_Car_rep2_1	4.600808546093891e-05	0.029215134267696206	0.0	0.0	0.0	0.0	0.0	0.0	0.0	0.0	0.0	0.0	0.0	0.0	0.0	0.0	0.0	0.0	0.0	0.0	0.0	0.0	0.0	0.0	0.0	0.0	0.0	0.0	0.0	0.0	0.0	0.0	0.0	0.0	0.0	0.0	0.0	0.0
Phage_Car_rep2_2	0.0	0.0	0.0	0.0	2.3004042730469454e-05	0.0	0.0	0.0	0.0	0.0	0.0	0.0	0.0	2.3004042730469454e-05	0.0	0.0001334234478367228	0.0	2.7604851276563345e-05	0.0	0.0	0.0	0.0	9.201617092187781e-06	9.201617092187781e-06	0.0	0.0	0.0	9.201617092187781e-06	0.00022543961875860064	4.6008085460938906e-06	4.6008085460938906e-06	0.0	4.6008085460938906e-06	4.1407276914845016e-05	4.6008085460938906e-06	0.0	0.0	0.0
Phage_Car_rep3_1	8.367486624572631e-05	0.029913764682847153	0.0	0.0	0.0	0.0	0.0	0.0	0.0	0.0	0.0	0.0	0.0	0.0	0.0	0.0	0.0	0.0	0.0	0.0	0.0	0.0	0.0	0.0	0.0	0.0	0.0	0.0	0.0	0.0	0.0	0.0	0.0	0.0	0.0	0.0	0.0	0.0
Phage_Car_rep3_2	0.0	0.0	0.0	0.0	6.275614968429472e-05	0.0	0.0	0.0	0.0	0.0	0.0	0.0	0.0	3.765368981057684e-05	1.2551229936858945e-05	0.00023428962548803365	0.0	8.785860955801262e-05	0.0	0.0	0.0	0.0	3.765368981057684e-05	4.602117643514947e-05	0.0	0.0	0.0	3.346994649829052e-05	0.00021337090892660206	2.0918716561431578e-05	1.673497324914526e-05	0.0	1.673497324914526e-05	8.367486624572631e-05	2.0918716561431578e-05	0.0	0.0	0.0
Phage_Cousins_rep1_1	0.0	0.030498624343052387	0.0	0.0	0.0	0.0	0.0	0.0	0.0	0.0	0.0	0.0	0.0	0.0	0.0	0.0	0.0	0.0	0.0	0.0	0.0	0.0	0.0	0.0	0.0	0.0	0.0	0.0	0.0	0.0	0.0	0.0	0.0	0.0	0.0	0.0	0.0	0.0
Phage_Cousins_rep1_2	0.0	0.0	0.0	0.0	0.0	0.0	0.0	0.0	0.0	0.0	0.0	0.0	0.0	1.2070695650284587e-05	0.0	0.00017301330432074576	0.0	2.4141391300569175e-05	0.0	0.0	0.0	0.0	8.047130433523058e-06	4.023565216761529e-06	0.0	0.0	0.0	1.2070695650284587e-05	0.00019715469562131492	8.047130433523058e-06	8.047130433523058e-06	0.0	4.023565216761529e-06	4.425921738437682e-05	1.2070695650284587e-05	0.0	0.0	0.0
Phage_Cousins_rep2_1	0.0	0.02912450847391176	0.0	0.0	0.0	0.0	0.0	0.0	0.0	0.0	0.0	0.0	0.0	0.0	0.0	0.0	0.0	0.0	0.0	0.0	0.0	0.0	0.0	0.0	0.0	0.0	0.0	0.0	0.0	0.0	0.0	0.0	0.0	0.0	0.0	0.0	0.0	0.0
Phage_Cousins_rep2_2	0.0	0.0	0.0	0.0	0.0	0.0	0.0	0.0	0.0	0.0	0.0	0.0	0.0	8.001238591734e-06	0.0	0.00012001857887601001	0.0	2.4003715775202e-05	0.0	0.0	0.0	0.0	0.0	0.0	0.0	0.0	0.0	0.0	0.00021603344197681802	0.0	0.0	0.0	0.0	4.000619295867e-05	0.0	0.0	0.0	0.0
Phage_Cousins_rep3_1	4.360693925945824e-05	0.02915123889494783	0.0	0.0	0.0	0.0	0.0	0.0	0.0	0.0	0.0	0.0	0.0	0.0	0.0	0.0	0.0	0.0	0.0	0.0	0.0	0.0	0.0	0.0	0.0	0.0	0.0	0.0	0.0	0.0	0.0	0.0	0.0	0.0	0.0	0.0	0.0	0.0
Phage_Cousins_rep3_2	0.0	0.0	0.0	0.0	2.180346962972912e-05	0.0	0.0	0.0	0.0	0.0	0.0	0.0	0.0	3.0524857481620764e-05	0.0	0.00018750983881567042	0.0	4.796763318540406e-05	0.0	0.0	0.0	0.0	1.3082081777837472e-05	8.721387851891647e-06	0.0	0.0	0.0	1.3082081777837472e-05	0.00017442775703783295	8.721387851891647e-06	8.721387851891647e-06	0.0	4.3606939259458236e-06	5.6689021037295704e-05	4.3606939259458236e-06	0.0	0.0	0.0
Phage_DP15_C1I_T20_1	6.239967951524602e-05	0.02895345129507415	0.0	0.0	0.0	0.0	0.0	0.0	0.0	0.0	0.0	0.0	0.0	0.0	0.0	0.0	0.0	0.0	0.0	0.0	0.0	0.0	0.0	0.0	0.0	0.0	0.0	0.0	0.0	0.0	0.0	0.0	0.0	0.0	0.0	0.0	0.0	0.0
Phage_DP15_C1I_T20_2	0.0	0.0	0.0	0.0	0.0	0.0	0.0	0.0	0.0	0.0	0.0	0.0	0.0	4.991974361219681e-05	0.0	0.00020383895308313698	0.0	8.319957268699468e-05	0.0	0.0	0.0	0.0	1.6639914537398933e-05	0.0	0.0	0.0	0.0	0.0	0.00017471910264268883	1.2479935903049202e-05	0.0	0.0	0.0	5.823970088089627e-05	4.159978634349733e-06	0.0	0.0	0.0
Phage_DP15_C1M_T20_1	3.95342626652458e-05	0.029611162736269108	0.0	0.0	0.0	0.0	0.0	0.0	0.0	0.0	0.0	0.0	0.0	0.0	0.0	0.0	0.0	0.0	0.0	0.0	0.0	0.0	0.0	0.0	0.0	0.0	0.0	0.0	0.0	0.0	0.0	0.0	0.0	0.0	0.0	0.0	0.0	0.0
Phage_DP15_C1M_T20_2	0.0	0.0	0.0	0.0	1.97671313326229e-05	0.0	0.0	0.0	0.0	0.0	0.0	0.0	0.0	3.1627410132196644e-05	7.906852533049161e-06	0.00016604390319403236	3.9534262665245805e-06	4.744111519829497e-05	0.0	0.0	0.0	0.0	1.1860278799573742e-05	1.5813705066098322e-05	0.0	0.0	0.0	7.906852533049161e-06	0.00021348501839232734	7.906852533049161e-06	3.9534262665245805e-06	0.0	3.9534262665245805e-06	5.139454146481955e-05	1.1860278799573742e-05	0.0	0.0	0.0
Phage_DP15_C2I_T20_1	7.712883291735183e-05	0.02984885833901516	0.0	0.0	0.0	0.0	0.0	0.0	0.0	0.0	0.0	0.0	0.0	0.0	0.0	0.0	0.0	0.0	0.0	0.0	0.0	0.0	0.0	0.0	0.0	0.0	0.0	0.0	0.0	0.0	0.0	0.0	0.0	0.0	0.0	0.0	0.0	0.0
Phage_DP15_C2I_T20_2	0.0	0.0	0.0	0.0	0.0	0.0	0.0	0.0	0.0	0.0	0.0	0.0	0.0	2.699509152107314e-05	0.0	0.00015425766583470365	0.0	4.242085810454351e-05	0.0	0.0	0.0	0.0	7.712883291735183e-06	7.712883291735183e-06	0.0	0.0	0.0	7.712883291735183e-06	0.00022753005710618787	3.8564416458675915e-06	3.8564416458675915e-06	0.0	1.5425766583470366e-05	8.484171620908702e-05	1.9282208229337957e-05	0.0	0.0	0.0
Phage_DP15_C2M_T20_1	6.143080955773298e-05	0.03022395830240463	0.0	0.0	0.0	0.0	0.0	0.0	0.0	0.0	0.0	0.0	0.0	0.0	0.0	0.0	0.0	0.0	0.0	0.0	0.0	0.0	0.0	0.0	0.0	0.0	0.0	0.0	0.0	0.0	0.0	0.0	0.0	0.0	0.0	0.0	0.0	0.0
Phage_DP15_C2M_T20_2	0.0	0.0	0.0	0.0	0.0	0.0	0.0	0.0	0.0	0.0	0.0	0.0	0.0	2.4572323823093192e-05	0.0	0.00018019704136935008	0.0	4.504926034233752e-05	0.0	0.0	0.0	0.0	8.19077460769773e-06	0.0	0.0	0.0	0.0	0.0	0.00020886475249629212	0.0	0.0	0.0	4.095387303848865e-06	4.9144647646186384e-05	4.095387303848865e-06	0.0	0.0	0.0
Phage_DP15_C3I_T20_1	9.284519456484232e-05	0.030081843039008908	0.0	0.0	0.0	0.0	0.0	0.0	0.0	0.0	0.0	0.0	0.0	0.0	0.0	0.0	0.0	0.0	0.0	0.0	0.0	0.0	0.0	0.0	0.0	0.0	0.0	0.0	0.0	0.0	0.0	0.0	0.0	0.0	0.0	0.0	0.0	0.0
Phage_DP15_C3I_T20_2	0.0	0.0	0.0	0.0	0.0	0.0	0.0	0.0	0.0	0.0	0.0	0.0	0.0	1.856903891296846e-05	0.0	0.00019806974840499693	0.0	3.713807782593692e-05	0.0	0.0	0.0	0.0	0.0	0.0	0.0	0.0	0.0	0.0	0.00014236263166609155	0.0	0.0	0.0	0.0	5.570711673890538e-05	0.0	0.0	0.0	0.0
Phage_DP15_C3M_T20_1	2.5109193605692753e-05	0.028021860063953116	0.0	0.0	0.0	0.0	0.0	0.0	0.0	0.0	0.0	0.0	0.0	0.0	0.0	0.0	0.0	0.0	0.0	0.0	0.0	0.0	0.0	0.0	0.0	0.0	0.0	0.0	0.0	0.0	0.0	0.0	0.0	0.0	0.0	0.0	0.0	0.0
Phage_DP15_C3M_T20_2	0.0	0.0	0.0	0.0	0.0	0.0	0.0	0.0	0.0	0.0	0.0	0.0	0.0	5.021838721138551e-06	0.0	0.00012554596802846378	0.0	2.5109193605692753e-05	0.0	0.0	0.0	0.0	0.0	0.0	0.0	0.0	0.0	0.0	0.0001657206777975722	0.0	0.0	0.0	5.021838721138551e-06	2.5109193605692753e-05	1.0043677442277102e-05	0.0	0.0	0.0
Phage_DP15_S1I_T20_1	1.7316871914891038e-05	0.03032184272297421	0.0	0.0	0.0	0.0	0.0	0.0	0.0	0.0	0.0	0.0	0.0	0.0	0.0	0.0	0.0	0.0	0.0	0.0	0.0	0.0	0.0	0.0	0.0	0.0	0.0	0.0	0.0	0.0	0.0	0.0	0.0	0.0	0.0	0.0	0.0	0.0
Phage_DP15_S1I_T20_2	0.0	0.0	0.0	0.0	1.7316871914891038e-05	0.0	0.0	0.0	0.0	0.0	0.0	0.0	0.0	1.7316871914891038e-05	0.0	0.00013160822655317188	0.0	3.1170369446803867e-05	0.0	0.0	0.0	0.0	1.0390123148934622e-05	6.926748765956414e-06	0.0	0.0	0.0	1.0390123148934622e-05	0.00020780246297869248	6.926748765956414e-06	6.926748765956414e-06	0.0	6.926748765956414e-06	4.1560492595738486e-05	6.926748765956414e-06	0.0	0.0	0.0
Phage_DP15_S1M_T20_1	2.5628631897497776e-05	0.02857592456571002	0.0	0.0	0.0	0.0	0.0	0.0	0.0	0.0	0.0	0.0	0.0	0.0	0.0	0.0	0.0	0.0	0.0	0.0	0.0	0.0	0.0	0.0	0.0	0.0	0.0	0.0	0.0	0.0	0.0	0.0	0.0	0.0	0.0	0.0	0.0	0.0
Phage_DP15_S1M_T20_2	0.0	0.0	0.0	0.0	0.0	0.0	0.0	0.0	0.0	0.0	0.0	0.0	0.0	2.5628631897497776e-05	0.0	0.00019990332880048264	0.0	5.125726379499555e-05	0.0	0.0	0.0	0.0	1.5377179138498667e-05	0.0	0.0	0.0	0.0	5.125726379499555e-06	0.00014864606500548708	1.5377179138498667e-05	5.125726379499555e-06	0.0	5.125726379499555e-06	5.63829901744951e-05	5.125726379499555e-06	0.0	0.0	0.0
Phage_DP15_S2I_T20_1	6.068757812261359e-05	0.02823995301972286	0.0	0.0	0.0	0.0	0.0	0.0	0.0	0.0	0.0	0.0	0.0	0.0	0.0	0.0	0.0	0.0	0.0	0.0	0.0	0.0	0.0	0.0	0.0	0.0	0.0	0.0	0.0	0.0	0.0	0.0	0.0	0.0	0.0	0.0	0.0	0.0
Phage_DP15_S2I_T20_2	0.0	0.0	0.0	0.0	0.0	0.0	0.0	0.0	0.0	0.0	0.0	0.0	0.0	3.641254687356815e-05	0.0	0.00021038360415839375	0.0	5.664173958110602e-05	0.0	0.0	0.0	0.0	1.6183354166030288e-05	1.2137515624522718e-05	0.0	0.0	0.0	1.6183354166030288e-05	0.0002225211197829165	8.091677083015144e-06	8.091677083015144e-06	0.0	1.2137515624522718e-05	9.305428645467417e-05	1.2137515624522718e-05	0.0	0.0	0.0
Phage_DP15_S2M_T20_1	4.555265967175209e-05	0.03056583463974565	0.0	0.0	0.0	0.0	0.0	0.0	0.0	0.0	0.0	0.0	0.0	0.0	0.0	0.0	0.0	0.0	0.0	0.0	0.0	0.0	0.0	0.0	0.0	0.0	0.0	0.0	0.0	0.0	0.0	0.0	0.0	0.0	0.0	0.0	0.0	0.0
Phage_DP15_S2M_T20_2	0.0	0.0	0.0	0.0	0.0	0.0	0.0	0.0	0.0	0.0	0.0	0.0	0.0	2.2776329835876046e-05	0.0	0.00017310010675265794	0.0	4.555265967175209e-05	0.0	0.0	0.0	0.0	9.110531934350418e-06	0.0	0.0	0.0	0.0	0.0	0.000195876436588534	9.110531934350418e-06	4.555265967175209e-06	0.0	0.0	5.921845757327772e-05	1.3665797901525627e-05	0.0	0.0	0.0
Phage_DP15_S3I_T20_1	0.0	0.029828256238013533	0.0	0.0	0.0	0.0	0.0	0.0	0.0	0.0	0.0	0.0	0.0	0.0	0.0	0.0	0.0	0.0	0.0	0.0	0.0	0.0	0.0	0.0	0.0	0.0	0.0	0.0	0.0	0.0	0.0	0.0	0.0	0.0	0.0	0.0	0.0	0.0
Phage_DP15_S3I_T20_2	0.0	0.0	0.0	0.0	5.3169797215710397e-05	0.0	0.0	0.0	0.0	0.0	0.0	0.0	0.0	4.253583777256832e-05	1.063395944314208e-05	0.00019141126997655741	5.31697972157104e-06	6.380375665885248e-05	0.0	0.0	0.0	0.0	2.6584898607855198e-05	2.6584898607855198e-05	0.0	0.0	0.0	2.126791888628416e-05	0.00022863012802755472	1.063395944314208e-05	1.063395944314208e-05	0.0	1.063395944314208e-05	9.038865526670768e-05	2.126791888628416e-05	0.0	0.0	0.0
Phage_DP15_S3M_T20_1	1.620471349742442e-05	0.029865286975753212	0.0	0.0	0.0	0.0	0.0	0.0	0.0	0.0	0.0	0.0	0.0	0.0	0.0	0.0	0.0	0.0	0.0	0.0	0.0	0.0	0.0	0.0	0.0	0.0	0.0	0.0	0.0	0.0	0.0	0.0	0.0	0.0	0.0	0.0	0.0	0.0
Phage_DP15_S3M_T20_2	0.0	0.0	0.0	0.0	3.240942699484884e-05	0.0	0.0	0.0	0.0	0.0	0.0	0.0	0.0	3.240942699484884e-05	6.481885398969769e-06	0.000168529020373214	0.0	5.5096025891243036e-05	0.0	0.0	0.0	0.0	1.620471349742442e-05	1.620471349742442e-05	0.0	0.0	0.0	1.2963770797939538e-05	0.00022362504626445703	6.481885398969769e-06	6.481885398969769e-06	0.0	6.481885398969769e-06	7.130073938866746e-05	9.722828098454654e-06	0.0	0.0	0.0
Phage_Sisters_rep1_1	4.193219354642576e-05	0.029813789611508712	0.0	0.0	0.0	0.0	0.0	0.0	0.0	0.0	0.0	0.0	0.0	0.0	0.0	0.0	0.0	0.0	0.0	0.0	0.0	0.0	0.0	0.0	0.0	0.0	0.0	0.0	0.0	0.0	0.0	0.0	0.0	0.0	0.0	0.0	0.0	0.0
Phage_Sisters_rep1_2	0.0	0.0	0.0	0.0	2.096609677321288e-05	0.0	0.0	0.0	0.0	0.0	0.0	0.0	0.0	2.5159316127855455e-05	0.0	0.0002180474064414139	0.0	5.031863225571091e-05	0.0	0.0	0.0	0.0	1.67728774185703e-05	8.38643870928515e-06	0.0	0.0	0.0	8.38643870928515e-06	0.00016772877418570303	8.38643870928515e-06	4.193219354642575e-06	0.0	4.193219354642575e-06	5.451185161035348e-05	4.193219354642575e-06	0.0	0.0	0.0
Phage_Sisters_rep2_1	6.91146300697021e-05	0.02773800486797378	0.0	0.0	0.0	0.0	0.0	0.0	0.0	0.0	0.0	0.0	0.0	0.0	0.0	0.0	0.0	0.0	0.0	0.0	0.0	0.0	0.0	0.0	0.0	0.0	0.0	0.0	0.0	0.0	0.0	0.0	0.0	0.0	0.0	0.0	0.0	0.0
Phage_Sisters_rep2_2	0.0	0.0	0.0	0.0	0.0	0.0	0.0	0.0	0.0	0.0	0.0	0.0	0.0	2.3038210023234036e-05	0.0	0.00021655917421839992	0.0	5.0684062051114875e-05	0.0	0.0	0.0	0.0	0.0	0.0	0.0	0.0	0.0	0.0	0.00022577445822769354	0.0	0.0	0.0	0.0	9.215284009293614e-05	0.0	0.0	0.0	0.0
Phage_Sisters_rep3_1	4.2698256544788766e-05	0.02954719352899382	0.0	0.0	0.0	0.0	0.0	0.0	0.0	0.0	0.0	0.0	0.0	0.0	0.0	0.0	0.0	0.0	0.0	0.0	0.0	0.0	0.0	0.0	0.0	0.0	0.0	0.0	0.0	0.0	0.0	0.0	0.0	0.0	0.0	0.0	0.0	0.0
Phage_Sisters_rep3_2	0.0	0.0	0.0	0.0	2.1349128272394383e-05	0.0	0.0	0.0	0.0	0.0	0.0	0.0	0.0	2.9888779581352136e-05	4.269825654478876e-06	0.00020922145706946493	0.0	5.977755916270427e-05	0.0	0.0	0.0	0.0	8.539651308957753e-06	1.2809476963436629e-05	0.0	0.0	0.0	8.539651308957753e-06	0.00017933267748811282	4.269825654478876e-06	4.269825654478876e-06	0.0	4.269825654478876e-06	5.977755916270427e-05	4.269825654478876e-06	0.0	0.0	0.0
Phage_Ump_rep1_1	3.083501846709256e-05	0.029570782709941762	0.0	0.0	0.0	0.0	0.0	0.0	0.0	0.0	0.0	0.0	0.0	0.0	0.0	0.0	0.0	0.0	0.0	0.0	0.0	0.0	0.0	0.0	0.0	0.0	0.0	0.0	0.0	0.0	0.0	0.0	0.0	0.0	0.0	0.0	0.0	0.0
Phage_Ump_rep1_2	0.0	0.0	0.0	0.0	0.0	0.0	0.0	0.0	0.0	0.0	0.0	0.0	0.0	3.083501846709256e-05	0.0	0.00017884310710913684	0.0	4.3169025853929586e-05	0.0	0.0	0.0	0.0	6.1670036934185115e-06	0.0	0.0	0.0	0.0	0.0	0.0001480080886420443	6.1670036934185115e-06	0.0	0.0	0.0	4.933602954734809e-05	0.0	0.0	0.0	0.0
Phage_Ump_rep2_1	3.651436767339213e-05	0.02932103724173388	0.0	0.0	0.0	0.0	0.0	0.0	0.0	0.0	0.0	0.0	0.0	0.0	0.0	0.0	0.0	0.0	0.0	0.0	0.0	0.0	0.0	0.0	0.0	0.0	0.0	0.0	0.0	0.0	0.0	0.0	0.0	0.0	0.0	0.0	0.0	0.0
Phage_Ump_rep2_2	0.0	0.0	0.0	0.0	0.0	0.0	0.0	0.0	0.0	0.0	0.0	0.0	0.0	3.651436767339213e-05	0.0	0.00016796609129760378	0.0	6.572586181210582e-05	0.0	0.0	0.0	0.0	2.190862060403528e-05	0.0	0.0	0.0	0.0	0.0	0.00020448045897099591	1.460574706935685e-05	0.0	0.0	0.0	5.112011474274898e-05	0.0	0.0	0.0	0.0
Phage_Ump_rep3_1	6.633139829904185e-05	0.02792551868389662	0.0	0.0	0.0	0.0	0.0	0.0	0.0	0.0	0.0	0.0	0.0	0.0	0.0	0.0	0.0	0.0	0.0	0.0	0.0	0.0	0.0	0.0	0.0	0.0	0.0	0.0	0.0	0.0	0.0	0.0	0.0	0.0	0.0	0.0	0.0	0.0
Phage_Ump_rep3_2	0.0	0.0	0.0	0.0	0.0	0.0	0.0	0.0	0.0	0.0	0.0	0.0	0.0	2.2110466099680614e-05	0.0	0.00016361744913763655	0.0	3.537674575948898e-05	0.0	0.0	0.0	0.0	8.844186439872245e-06	0.0	0.0	0.0	0.0	0.0	0.00022110466099680613	4.422093219936123e-06	0.0	0.0	4.422093219936123e-06	6.190930507910572e-05	8.844186439872245e-06	0.0	0.0	0.0
S1I_T01_1	0.0	0.028254717097587676	0.0	0.0	0.0	0.0	0.0	0.0	0.0	0.0	0.0	0.0	0.0	0.0	0.0	0.0	0.0	0.0	0.0	0.0	0.0	0.0	0.0	0.0	0.0	0.0	0.0	0.0	0.0	0.0	0.0	0.0	0.0	0.0	0.0	0.0	0.0	0.0
S1I_T01_2	0.0	0.0	0.0	0.0	0.0	0.0	0.0	0.0	0.0	0.0	0.0	0.0	0.0	1.097270566896609e-05	0.0	0.00012069976235862698	0.0	3.291811700689827e-05	0.0	0.0	0.0	0.0	0.0	0.0	0.0	0.0	0.0	0.0	0.0001481315265310422	0.0	0.0	0.0	0.0	3.291811700689827e-05	0.0	0.0	0.0	0.0
S1I_T02_1	9.551060062605288e-05	0.03010494131733187	0.0	0.0	0.0	0.0	0.0	0.0	0.0	0.0	0.0	0.0	0.0	0.0	0.0	0.0	0.0	0.0	0.0	0.0	0.0	0.0	0.0	0.0	0.0	0.0	0.0	0.0	0.0	0.0	0.0	0.0	0.0	0.0	0.0	0.0	0.0	0.0
S1I_T02_2	0.0	0.0	0.0	0.0	0.0	0.0	0.0	0.0	0.0	0.0	0.0	0.0	0.0	1.5281696100168462e-05	0.0	0.00016809865710185306	0.0	3.0563392200336923e-05	0.0	0.0	0.0	0.0	7.640848050084231e-06	7.640848050084231e-06	0.0	0.0	0.0	7.640848050084231e-06	0.00016427823307681096	3.8204240250421154e-06	3.8204240250421154e-06	0.0	7.640848050084231e-06	3.8204240250421156e-05	7.640848050084231e-06	0.0	0.0	0.0
S1I_T03_1	0.00010651340098354474	0.027863905697295306	0.0	0.0	0.0	0.0	0.0	0.0	0.0	0.0	0.0	0.0	0.0	0.0	0.0	0.0	0.0	0.0	0.0	0.0	0.0	0.0	0.0	0.0	0.0	0.0	0.0	0.0	0.0	0.0	0.0	0.0	0.0	0.0	0.0	0.0	0.0	0.0
S1I_T03_2	0.0	0.0	0.0	0.0	2.130268019670895e-05	0.0	0.0	0.0	0.0	0.0	0.0	0.0	0.0	3.408428831473432e-05	4.26053603934179e-06	0.00020450572988840588	0.0	6.390804059012685e-05	0.0	0.0	0.0	0.0	1.704214415736716e-05	1.2781608118025368e-05	0.0	0.0	0.0	1.2781608118025368e-05	0.00019172412177038056	1.2781608118025368e-05	1.2781608118025368e-05	0.0	8.52107207868358e-06	6.390804059012685e-05	8.52107207868358e-06	0.0	0.0	0.0
S1I_T04_1	0.0002505031982995843	0.0286826162053024	0.0	0.0	0.0	0.0	0.0	0.0	0.0	0.0	0.0	0.0	0.0	0.0	0.0	0.0	0.0	0.0	0.0	0.0	0.0	0.0	0.0	0.0	0.0	0.0	0.0	0.0	0.0	0.0	0.0	0.0	0.0	0.0	0.0	0.0	0.0	0.0
S1I_T04_2	0.0	0.0	0.0	0.0	0.0	0.0	0.0	0.0	0.0	0.0	0.0	0.0	0.0	0.0	0.0	0.00020040255863966745	0.0	2.505031982995843e-05	0.0	0.0	0.0	0.0	0.0	0.0	0.0	0.0	0.0	0.0	0.00032565415778945954	0.0	0.0	0.0	0.0	2.505031982995843e-05	0.0	0.0	0.0	0.0
S1I_T05_1	4.318300178863994e-05	0.030703114271722995	0.0	0.0	0.0	0.0	0.0	0.0	0.0	0.0	0.0	0.0	0.0	0.0	0.0	0.0	0.0	0.0	0.0	0.0	0.0	0.0	0.0	0.0	0.0	0.0	0.0	0.0	0.0	0.0	0.0	0.0	0.0	0.0	0.0	0.0	0.0	0.0
S1I_T05_2	0.0	0.0	0.0	0.0	0.0	0.0	0.0	0.0	0.0	0.0	0.0	0.0	0.0	2.590980107318396e-05	0.0	0.00017273200715455975	0.0	3.4546401430911947e-05	0.0	0.0	0.0	0.0	0.0	8.636600357727987e-06	0.0	0.0	0.0	0.0	0.00017273200715455975	0.0	0.0	0.0	0.0	3.4546401430911947e-05	0.0	0.0	0.0	0.0
S1I_T10_1	6.542890446169514e-05	0.02676042192483331	0.0	0.0	0.0	0.0	0.0	0.0	0.0	0.0	0.0	0.0	0.0	0.0	0.0	0.0	0.0	0.0	0.0	0.0	0.0	0.0	0.0	0.0	0.0	0.0	0.0	0.0	0.0	0.0	0.0	0.0	0.0	0.0	0.0	0.0	0.0	0.0
S1I_T10_2	0.0	0.0	0.0	0.0	0.0	0.0	0.0	0.0	0.0	0.0	0.0	0.0	0.0	1.3085780892339028e-05	0.0	0.00013085780892339028	0.0	1.962867133850854e-05	0.0	0.0	0.0	0.0	0.0	0.0	0.0	0.0	0.0	0.0	0.00020282960383125493	0.0	0.0	0.0	0.0	2.6171561784678056e-05	0.0	0.0	0.0	0.0
S1I_T15_1	7.082741112886322e-05	0.029145479679527214	0.0	0.0	0.0	0.0	0.0	0.0	0.0	0.0	3.5413705564431604e-06	0.0	0.0	0.0	0.0	0.0	0.0	0.0	0.0	0.0	0.0	0.0	0.0	0.0	0.0	0.0	0.0	0.0	0.0	0.0	0.0	0.0	0.0	0.0	0.0	0.0	0.0	0.0
S1I_T15_2	0.0	0.0	0.0	0.0	0.0	0.0	0.0	0.0	0.0	0.0	0.0	0.0	0.0	1.7706852782215804e-05	0.0	0.00015936167503994222	0.0	3.541370556443161e-05	0.0	0.0	0.0	0.0	3.5413705564431604e-06	0.0	0.0	0.0	0.0	0.0	0.00020539949227370332	3.5413705564431604e-06	0.0	0.0	3.5413705564431604e-06	4.603781723376109e-05	7.082741112886321e-06	0.0	0.0	0.0
S1I_T20_1	4.157929816639453e-05	0.028668926085729025	0.0	0.0	0.0	0.0	0.0	0.0	0.0	0.0	0.0	0.0	0.0	0.0	0.0	0.0	0.0	0.0	0.0	0.0	0.0	0.0	0.0	0.0	0.0	0.0	0.0	0.0	0.0	0.0	0.0	0.0	0.0	0.0	0.0	0.0	0.0	0.0
S1I_T20_2	0.0	0.0	0.0	0.0	2.0789649083197266e-05	0.0	0.0	0.0	0.0	0.0	0.0	0.0	0.0	3.326343853311562e-05	4.1579298166394525e-06	0.00017047512248221758	0.0	6.652687706623124e-05	0.0	0.0	0.0	0.0	1.663171926655781e-05	1.2473789449918359e-05	0.0	0.0	0.0	8.315859633278905e-06	0.0001787909821154965	1.2473789449918359e-05	4.1579298166394525e-06	0.0	4.1579298166394525e-06	6.23689472495918e-05	8.315859633278905e-06	0.0	0.0	0.0
S1M_T01_1	0.0	0.028777360261865687	0.0	0.0	0.0	0.0	0.0	0.0	0.0	0.0	0.0	0.0	0.0	0.0	0.0	0.0	0.0	0.0	0.0	0.0	0.0	0.0	0.0	0.0	0.0	0.0	0.0	0.0	0.0	0.0	0.0	0.0	0.0	0.0	0.0	0.0	0.0	0.0
S1M_T01_2	0.0	0.0	0.0	0.0	4.1465936976751704e-05	0.0	0.0	0.0	0.0	0.0	0.0	0.0	0.0	4.1465936976751704e-05	8.293187395350343e-06	0.00017415693530235717	0.0	6.634549916280274e-05	0.0	0.0	0.0	0.0	3.317274958140137e-05	3.317274958140137e-05	0.0	0.0	0.0	3.317274958140137e-05	0.0001990364974884082	2.4879562186051025e-05	2.4879562186051025e-05	0.0	1.6586374790700686e-05	6.634549916280274e-05	1.6586374790700686e-05	0.0	0.0	0.0
S1M_T02_1	0.00011228416877433409	0.03054129390661887	0.0	0.0	0.0	0.0	0.0	0.0	0.0	0.0	5.614208438716704e-06	0.0	0.0	0.0	0.0	0.0	0.0	0.0	0.0	0.0	0.0	0.0	0.0	0.0	0.0	0.0	0.0	0.0	0.0	0.0	0.0	0.0	0.0	0.0	0.0	0.0	0.0	0.0
S1M_T02_2	0.0	0.0	0.0	0.0	0.0	0.0	0.0	0.0	0.0	0.0	0.0	0.0	0.0	3.3685250632300226e-05	0.0	0.00019088308691636794	0.0	6.175629282588375e-05	0.0	0.0	0.0	0.0	1.1228416877433408e-05	0.0	0.0	0.0	0.0	0.0	0.00022456833754866818	0.0	0.0	0.0	0.0	7.298470970331716e-05	0.0	0.0	0.0	0.0
S1M_T03_1	3.187500916406513e-05	0.027954383036885126	0.0	0.0	0.0	0.0	0.0	0.0	0.0	0.0	0.0	0.0	0.0	0.0	0.0	0.0	0.0	0.0	0.0	0.0	0.0	0.0	0.0	0.0	0.0	0.0	0.0	0.0	0.0	0.0	0.0	0.0	0.0	0.0	0.0	0.0	0.0	0.0
S1M_T03_2	0.0	0.0	0.0	0.0	3.187500916406513e-05	0.0	0.0	0.0	0.0	0.0	0.0	0.0	0.0	4.462501282969119e-05	1.2750003665626052e-05	0.00022950006598126895	0.0	6.375001832813026e-05	0.0	0.0	0.0	0.0	2.5500007331252104e-05	1.912500549843908e-05	0.0	0.0	0.0	1.912500549843908e-05	0.00017212504948595174	1.912500549843908e-05	1.912500549843908e-05	0.0	6.375001832813026e-06	5.7375016495317236e-05	6.375001832813026e-06	0.0	0.0	0.0
S1M_T04_1	7.700695526819983e-05	0.027799510851820138	0.0	0.0	0.0	0.0	0.0	0.0	0.0	0.0	0.0	0.0	0.0	0.0	0.0	0.0	0.0	0.0	0.0	0.0	0.0	0.0	0.0	0.0	0.0	0.0	0.0	0.0	0.0	0.0	0.0	0.0	0.0	0.0	0.0	0.0	0.0	0.0
S1M_T04_2	0.0	0.0	0.0	0.0	0.0	0.0	0.0	0.0	0.0	0.0	0.0	0.0	0.0	2.3102086580459948e-05	0.0	0.00019251738817049955	0.0	3.080278210727993e-05	0.0	0.0	0.0	0.0	7.700695526819982e-06	0.0	0.0	0.0	0.0	0.0	0.00015401391053639966	7.700695526819982e-06	0.0	0.0	0.0	5.390486868773988e-05	0.0	0.0	0.0	0.0
S1M_T05_1	3.624474043510361e-05	0.03073553988896786	0.0	0.0	0.0	0.0	0.0	0.0	0.0	0.0	0.0	0.0	0.0	0.0	0.0	0.0	0.0	0.0	0.0	0.0	0.0	0.0	0.0	0.0	0.0	0.0	0.0	0.0	0.0	0.0	0.0	0.0	0.0	0.0	0.0	0.0	0.0	0.0
S1M_T05_2	0.0	0.0	0.0	0.0	3.624474043510361e-05	0.0	0.0	0.0	0.0	0.0	0.0	0.0	0.0	5.799158469616578e-05	7.2489480870207225e-06	0.0002537131830457253	0.0	9.42363251312694e-05	0.0	0.0	0.0	0.0	2.1746844261062168e-05	2.1746844261062168e-05	0.0	0.0	0.0	1.4497896174041445e-05	0.0001884726502625388	7.2489480870207225e-06	7.2489480870207225e-06	0.0	7.2489480870207225e-06	0.00010148527321829012	7.2489480870207225e-06	0.0	0.0	0.0
S1M_T10_1	3.3252374884614263e-05	0.029228837523575933	0.0	0.0	0.0	0.0	0.0	0.0	0.0	0.0	0.0	0.0	0.0	0.0	0.0	0.0	0.0	0.0	0.0	0.0	0.0	0.0	0.0	0.0	0.0	0.0	0.0	0.0	0.0	0.0	0.0	0.0	0.0	0.0	0.0	0.0	0.0	0.0
S1M_T10_2	0.0	0.0	0.0	0.0	0.0	0.0	0.0	0.0	0.0	0.0	0.0	0.0	0.0	2.6601899907691407e-05	0.0	0.00018621329935383985	0.0	3.9902849861537113e-05	0.0	0.0	0.0	0.0	0.0	0.0	0.0	0.0	0.0	0.0	0.0001529609244692256	0.0	0.0	0.0	0.0	3.3252374884614263e-05	0.0	0.0	0.0	0.0
S1M_T15_1	5.3618296707568495e-05	0.02922197170562483	0.0	0.0	0.0	0.0	0.0	0.0	0.0	0.0	0.0	0.0	0.0	0.0	0.0	0.0	0.0	0.0	0.0	0.0	0.0	0.0	0.0	0.0	0.0	0.0	0.0	0.0	0.0	0.0	0.0	0.0	0.0	0.0	0.0	0.0	0.0	0.0
S1M_T15_2	0.0	0.0	0.0	0.0	0.0	0.0	0.0	0.0	0.0	0.0	0.0	0.0	0.0	1.0723659341513698e-05	0.0	0.00012868391209816437	0.0	2.1447318683027395e-05	0.0	0.0	0.0	0.0	5.361829670756849e-06	0.0	0.0	0.0	0.0	0.0	0.00020374952748876028	5.361829670756849e-06	5.361829670756849e-06	0.0	0.0	1.0723659341513698e-05	0.0	0.0	0.0	0.0
S1M_T20_1	5.736443135643073e-05	0.030403148618908294	0.0	0.0	0.0	0.0	0.0	0.0	0.0	0.0	5.736443135643074e-06	0.0	0.0	0.0	0.0	0.0	0.0	0.0	0.0	0.0	0.0	0.0	0.0	0.0	0.0	0.0	0.0	0.0	0.0	0.0	0.0	0.0	0.0	0.0	0.0	0.0	0.0	0.0
S1M_T20_2	0.0	0.0	0.0	0.0	5.736443135643073e-05	0.0	0.0	0.0	0.0	0.0	0.0	0.0	0.0	5.736443135643073e-05	1.1472886271286149e-05	0.00016635685093364916	5.736443135643074e-06	8.604664703464611e-05	0.0	0.0	0.0	0.0	2.2945772542572297e-05	2.8682215678215367e-05	0.0	0.0	0.0	2.2945772542572297e-05	0.00018356618034057838	1.1472886271286149e-05	1.1472886271286149e-05	0.0	1.1472886271286149e-05	9.178309017028919e-05	1.7209329406929225e-05	0.0	0.0	0.0
S2I_T01_1	0.0	0.028586279278624043	0.0	0.0	0.0	0.0	0.0	0.0	0.0	0.0	0.0	0.0	0.0	0.0	0.0	0.0	0.0	0.0	0.0	0.0	0.0	0.0	0.0	0.0	0.0	0.0	0.0	0.0	0.0	0.0	0.0	0.0	0.0	0.0	0.0	0.0	0.0	0.0
S2I_T01_2	0.0	0.0	0.0	0.0	2.6641453195362573e-05	0.0	0.0	0.0	0.0	0.0	0.0	0.0	0.0	1.5984871917217546e-05	5.328290639072515e-06	0.0001385355566158854	0.0	3.196974383443509e-05	0.0	0.0	0.0	0.0	1.065658127814503e-05	1.5984871917217546e-05	0.0	0.0	0.0	1.065658127814503e-05	0.00019181846300661055	5.328290639072515e-06	5.328290639072515e-06	0.0	5.328290639072515e-06	4.795461575165264e-05	5.328290639072515e-06	0.0	0.0	0.0
S2I_T02_1	4.243137732462952e-05	0.029532238617942148	0.0	0.0	0.0	0.0	0.0	0.0	0.0	0.0	0.0	0.0	0.0	0.0	0.0	0.0	0.0	0.0	0.0	0.0	0.0	0.0	0.0	0.0	0.0	0.0	0.0	0.0	0.0	0.0	0.0	0.0	0.0	0.0	0.0	0.0	0.0	0.0
S2I_T02_2	0.0	0.0	0.0	0.0	2.121568866231476e-05	0.0	0.0	0.0	0.0	0.0	0.0	0.0	0.0	2.121568866231476e-05	4.243137732462953e-06	0.00019094119796083287	0.0	4.243137732462952e-05	0.0	0.0	0.0	0.0	8.486275464925906e-06	1.2729413197388858e-05	0.0	0.0	0.0	8.486275464925906e-06	0.00019942747342575876	4.243137732462953e-06	4.243137732462953e-06	0.0	4.243137732462953e-06	5.940392825448133e-05	4.243137732462953e-06	0.0	0.0	0.0
S2I_T03_1	2.3733491873059045e-05	0.030141534678784988	0.0	0.0	0.0	0.0	0.0	0.0	0.0	0.0	0.0	0.0	0.0	0.0	0.0	0.0	0.0	0.0	0.0	0.0	0.0	0.0	0.0	0.0	0.0	0.0	0.0	0.0	0.0	0.0	0.0	0.0	0.0	0.0	0.0	0.0	0.0	0.0
S2I_T03_2	0.0	0.0	0.0	0.0	0.0	0.0	0.0	0.0	0.0	0.0	0.0	0.0	0.0	2.8480190247670853e-05	0.0	0.00013765425286374247	0.0	4.272028537150628e-05	0.0	0.0	0.0	0.0	9.493396749223619e-06	4.746698374611809e-06	0.0	0.0	0.0	4.746698374611809e-06	0.00018512123660986056	4.746698374611809e-06	4.746698374611809e-06	0.0	0.0	4.272028537150628e-05	4.746698374611809e-06	0.0	0.0	0.0
S2I_T04_1	8.292534065729942e-05	0.028581600746549203	0.0	0.0	0.0	0.0	0.0	0.0	0.0	0.0	0.0	0.0	0.0	0.0	0.0	0.0	0.0	0.0	0.0	0.0	0.0	0.0	0.0	0.0	0.0	0.0	0.0	0.0	0.0	0.0	0.0	0.0	0.0	0.0	0.0	0.0	0.0	0.0
S2I_T04_2	0.0	0.0	0.0	0.0	0.0	0.0	0.0	0.0	0.0	0.0	0.0	0.0	0.0	4.422684835055969e-05	0.0	0.0001990208175775186	0.0	7.18686285696595e-05	0.0	0.0	0.0	0.0	2.2113424175279844e-05	1.1056712087639922e-05	0.0	0.0	0.0	1.6585068131459883e-05	0.0002598327340595382	1.1056712087639922e-05	1.1056712087639922e-05	0.0	1.6585068131459883e-05	0.00012162383296403916	2.2113424175279844e-05	0.0	0.0	0.0
S2I_T05_1	0.000103210944075666	0.02670583177957858	0.0	0.0	0.0	0.0	0.0	0.0	0.0	0.0	0.0	0.0	0.0	0.0	0.0	0.0	0.0	0.0	0.0	0.0	0.0	0.0	0.0	0.0	0.0	0.0	0.0	0.0	0.0	0.0	0.0	0.0	0.0	0.0	0.0	0.0	0.0	0.0
S2I_T05_2	0.0	0.0	0.0	0.0	0.0	0.0	0.0	0.0	0.0	0.0	0.0	0.0	0.0	2.58027360189165e-05	0.0	0.00015481641611349902	0.0	5.1605472037833e-05	0.0	0.0	0.0	0.0	5.1605472037833e-06	0.0	0.0	0.0	0.0	5.1605472037833e-06	0.00025286681298538173	5.1605472037833e-06	5.1605472037833e-06	0.0	5.1605472037833e-06	6.708711364918291e-05	1.03210944075666e-05	0.0	0.0	0.0
S2I_T10_1	0.0	0.027021193989606968	0.0	0.0	0.0	0.0	0.0	0.0	0.0	0.0	0.0	0.0	0.0	0.0	0.0	0.0	0.0	0.0	0.0	0.0	0.0	0.0	0.0	0.0	0.0	0.0	0.0	0.0	0.0	0.0	0.0	0.0	0.0	0.0	0.0	0.0	0.0	0.0
S2I_T10_2	0.0	0.0	0.0	0.0	5.786122909980078e-05	0.0	0.0	0.0	0.0	0.0	0.0	0.0	0.0	3.471673745988047e-05	5.7861229099800785e-06	0.00019094205602934256	0.0	5.207510618982071e-05	0.0	0.0	0.0	0.0	2.893061454990039e-05	3.471673745988047e-05	0.0	0.0	0.0	2.3144491639920314e-05	0.00024880328512914336	1.7358368729940236e-05	1.1572245819960157e-05	0.0	1.1572245819960157e-05	7.521959782974102e-05	1.1572245819960157e-05	0.0	0.0	0.0
S2I_T15_1	3.310373136984068e-05	0.02967749517306217	0.0	0.0	0.0	0.0	0.0	0.0	0.0	0.0	0.0	0.0	0.0	0.0	0.0	0.0	0.0	0.0	0.0	0.0	0.0	0.0	0.0	0.0	0.0	0.0	0.0	0.0	0.0	0.0	0.0	0.0	0.0	0.0	0.0	0.0	0.0	0.0
S2I_T15_2	0.0	0.0	0.0	0.0	1.655186568492034e-05	0.0	0.0	0.0	0.0	0.0	0.0	0.0	0.0	2.648298509587254e-05	0.0	0.00015889791057523527	0.0	4.3034850780792884e-05	0.0	0.0	0.0	0.0	1.324149254793627e-05	9.931119410952204e-06	0.0	0.0	0.0	1.324149254793627e-05	0.00015227716430126712	9.931119410952204e-06	9.931119410952204e-06	0.0	6.620746273968135e-06	5.627634332872916e-05	9.931119410952204e-06	0.0	0.0	0.0
S2I_T20_1	2.7013542158819636e-05	0.029147611989366388	0.0	0.0	0.0	0.0	0.0	0.0	0.0	0.0	0.0	0.0	0.0	0.0	0.0	0.0	0.0	0.0	0.0	0.0	0.0	0.0	0.0	0.0	0.0	0.0	0.0	0.0	0.0	0.0	0.0	0.0	0.0	0.0	0.0	0.0	0.0	0.0
S2I_T20_2	0.0	0.0	0.0	0.0	2.7013542158819636e-05	0.0	0.0	0.0	0.0	0.0	0.0	0.0	0.0	2.1610833727055708e-05	5.402708431763927e-06	0.00014047041922586213	0.0	3.781895902234749e-05	0.0	0.0	0.0	0.0	1.0805416863527854e-05	1.6208125295291782e-05	0.0	0.0	0.0	1.0805416863527854e-05	0.0002377191709976128	5.402708431763927e-06	5.402708431763927e-06	0.0	5.402708431763927e-06	4.8624375885875344e-05	5.402708431763927e-06	0.0	0.0	0.0
S2M_T01_1	0.0	0.027574851207950002	0.0	0.0	0.0	0.0	0.0	0.0	0.0	0.0	0.0	0.0	0.0	0.0	0.0	0.0	0.0	0.0	0.0	0.0	0.0	0.0	0.0	0.0	0.0	0.0	0.0	0.0	0.0	0.0	0.0	0.0	0.0	0.0	0.0	0.0	0.0	0.0
S2M_T01_2	0.0	0.0	0.0	0.0	0.0	0.0	0.0	0.0	0.0	0.0	0.0	0.0	0.0	1.31937087119378e-05	0.0	0.00013193708711937798	0.0	2.63874174238756e-05	0.0	0.0	0.0	0.0	0.0	0.0	0.0	0.0	0.0	0.0	0.00011874337840744019	0.0	0.0	0.0	0.0	4.6177980491782304e-05	6.5968543559689e-06	0.0	0.0	0.0
S2M_T02_1	7.940780832860856e-05	0.03139255355924325	0.0	0.0	0.0	0.0	0.0	0.0	0.0	0.0	0.0	0.0	0.0	0.0	0.0	0.0	0.0	0.0	0.0	0.0	0.0	0.0	0.0	0.0	0.0	0.0	0.0	0.0	0.0	0.0	0.0	0.0	0.0	0.0	0.0	0.0	0.0	0.0
S2M_T02_2	0.0	0.0	0.0	0.0	2.6469269442869522e-05	0.0	0.0	0.0	0.0	0.0	0.0	0.0	0.0	3.176312333144343e-05	0.0	0.00015881561665721713	0.0	4.2350831108591236e-05	0.0	0.0	0.0	0.0	1.0587707777147809e-05	1.5881561665721713e-05	0.0	0.0	0.0	1.0587707777147809e-05	0.0002435172788743996	5.2938538885739045e-06	5.2938538885739045e-06	0.0	5.2938538885739045e-06	5.2938538885739045e-05	1.0587707777147809e-05	0.0	0.0	0.0
S2M_T03_1	7.484238194362672e-05	0.029562740867732556	0.0	0.0	0.0	0.0	0.0	0.0	0.0	0.0	0.0	0.0	0.0	0.0	0.0	0.0	0.0	0.0	0.0	0.0	0.0	0.0	0.0	0.0	0.0	0.0	0.0	0.0	0.0	0.0	0.0	0.0	0.0	0.0	0.0	0.0	0.0	0.0
S2M_T03_2	0.0	0.0	0.0	0.0	0.0	0.0	0.0	0.0	0.0	0.0	0.0	0.0	0.0	9.97898425915023e-06	0.0	0.0001995796851830046	0.0	4.490542916617603e-05	0.0	0.0	0.0	0.0	1.4968476388725346e-05	4.989492129575115e-06	0.0	0.0	0.0	9.97898425915023e-06	0.0002345061300900304	4.989492129575115e-06	4.989492129575115e-06	0.0	4.989492129575115e-06	5.488441342532626e-05	4.989492129575115e-06	0.0	0.0	0.0
S2M_T04_1	3.4233116569239215e-05	0.02926931466669953	0.0	0.0	0.0	0.0	0.0	0.0	0.0	0.0	0.0	0.0	0.0	0.0	0.0	0.0	0.0	0.0	0.0	0.0	0.0	0.0	0.0	0.0	0.0	0.0	0.0	0.0	0.0	0.0	0.0	0.0	0.0	0.0	0.0	0.0	0.0	0.0
S2M_T04_2	0.0	0.0	0.0	0.0	0.0	0.0	0.0	0.0	0.0	0.0	0.0	0.0	0.0	3.4233116569239215e-05	0.0	0.0001437790895908047	0.0	4.7926363196934904e-05	0.0	0.0	0.0	0.0	6.8466233138478435e-06	0.0	0.0	0.0	0.0	0.0	0.00019855207610158747	0.0	0.0	0.0	0.0	6.846623313847843e-05	0.0	0.0	0.0	0.0
S2M_T05_1	0.00010735033082688202	0.02960185372551272	0.0	0.0	0.0	0.0	0.0	0.0	0.0	0.0	0.0	0.0	0.0	0.0	0.0	0.0	0.0	0.0	0.0	0.0	0.0	0.0	0.0	0.0	0.0	0.0	0.0	0.0	0.0	0.0	0.0	0.0	0.0	0.0	0.0	0.0	0.0	0.0
S2M_T05_2	0.0	0.0	0.0	0.0	0.0	0.0	0.0	0.0	0.0	0.0	0.0	0.0	0.0	1.6102549624032304e-05	0.0	0.00011271784736822612	0.0	3.220509924806461e-05	0.0	0.0	0.0	0.0	5.367516541344102e-06	0.0	0.0	0.0	0.0	0.0	0.00022006817819510816	0.0	0.0	0.0	0.0	5.367516541344101e-05	5.367516541344102e-06	0.0	0.0	0.0
S2M_T10_1	3.487608874430037e-05	0.027133597043065692	0.0	0.0	0.0	0.0	0.0	0.0	0.0	0.0	0.0	0.0	0.0	0.0	0.0	0.0	0.0	0.0	0.0	0.0	0.0	0.0	0.0	0.0	0.0	0.0	0.0	0.0	0.0	0.0	0.0	0.0	0.0	0.0	0.0	0.0	0.0	0.0
S2M_T10_2	0.0	0.0	0.0	0.0	0.0	0.0	0.0	0.0	0.0	0.0	0.0	0.0	0.0	2.0925653246580225e-05	0.0	0.00018833087921922204	0.0	4.8826524242020525e-05	0.0	0.0	0.0	0.0	0.0	0.0	0.0	0.0	0.0	0.0	0.00018135566147036195	0.0	0.0	0.0	0.0	6.277695973974068e-05	0.0	0.0	0.0	0.0
S2M_T15_1	3.796900741800498e-05	0.026995964274201537	0.0	0.0	0.0	0.0	0.0	0.0	0.0	0.0	0.0	0.0	0.0	0.0	0.0	0.0	0.0	0.0	0.0	0.0	0.0	0.0	0.0	0.0	0.0	0.0	0.0	0.0	0.0	0.0	0.0	0.0	0.0	0.0	0.0	0.0	0.0	0.0
S2M_T15_2	0.0	0.0	0.0	0.0	3.796900741800498e-05	0.0	0.0	0.0	0.0	0.0	0.0	0.0	0.0	2.278140445080299e-05	1.5187602967201993e-05	0.00015187602967201992	0.0	4.556280890160598e-05	0.0	0.0	0.0	0.0	1.5187602967201993e-05	2.278140445080299e-05	0.0	0.0	0.0	1.5187602967201993e-05	0.00012909462522121693	7.5938014836009966e-06	7.5938014836009966e-06	0.0	7.5938014836009966e-06	4.556280890160598e-05	1.5187602967201993e-05	0.0	0.0	0.0
S2M_T20_1	0.00017606284739400576	0.031691312530921036	0.0	0.0	0.0	0.0	0.0	0.0	0.0	0.0	0.0	0.0	0.0	0.0	0.0	0.0	0.0	0.0	0.0	0.0	0.0	0.0	0.0	0.0	0.0	0.0	0.0	0.0	0.0	0.0	0.0	0.0	0.0	0.0	0.0	0.0	0.0	0.0
S2M_T20_2	0.0	0.0	0.0	0.0	0.0	0.0	0.0	0.0	0.0	0.0	0.0	0.0	0.0	0.0	0.0	7.04251389576023e-05	0.0	0.0	0.0	0.0	0.0	0.0	0.0	0.0	0.0	0.0	0.0	0.0	0.0002817005558304092	0.0	0.0	0.0	0.0	3.521256947880115e-05	0.0	0.0	0.0	0.0
S3I_T01_1	7.866704461811214e-05	0.02915925120511357	0.0	0.0	0.0	0.0	0.0	0.0	0.0	0.0	0.0	0.0	0.0	0.0	0.0	0.0	0.0	0.0	0.0	0.0	0.0	0.0	0.0	0.0	0.0	0.0	0.0	0.0	0.0	0.0	0.0	0.0	0.0	0.0	0.0	0.0	0.0	0.0
S3I_T01_2	0.0	0.0	0.0	0.0	0.0	0.0	0.0	0.0	0.0	0.0	0.0	0.0	0.0	3.1466817847244856e-05	0.0	0.00016257855887743177	0.0	5.768916605328223e-05	0.0	0.0	0.0	0.0	1.0488939282414953e-05	1.0488939282414953e-05	0.0	0.0	0.0	5.244469641207476e-06	0.00018880090708346916	1.0488939282414953e-05	5.244469641207476e-06	0.0	5.244469641207476e-06	7.866704461811214e-05	5.244469641207476e-06	0.0	0.0	0.0
S3I_T02_1	5.900766804646264e-05	0.030388949043928255	0.0	0.0	0.0	0.0	0.0	0.0	0.0	0.0	0.0	0.0	0.0	0.0	0.0	0.0	0.0	0.0	0.0	0.0	0.0	0.0	0.0	0.0	0.0	0.0	0.0	0.0	0.0	0.0	0.0	0.0	0.0	0.0	0.0	0.0	0.0	0.0
S3I_T02_2	0.0	0.0	0.0	0.0	1.966922268215421e-05	0.0	0.0	0.0	0.0	0.0	0.0	0.0	0.0	2.3603067218585056e-05	0.0	0.0001652214705300954	0.0	3.933844536430842e-05	0.0	0.0	0.0	0.0	7.867689072861685e-06	1.573537814572337e-05	0.0	0.0	0.0	7.867689072861685e-06	0.00022422913857655802	3.933844536430843e-06	3.933844536430843e-06	0.0	3.933844536430843e-06	5.1139978973600955e-05	7.867689072861685e-06	0.0	0.0	0.0
S3I_T03_1	6.623088217989677e-05	0.02987012786313344	0.0	0.0	0.0	0.0	0.0	0.0	0.0	0.0	0.0	0.0	0.0	0.0	0.0	0.0	0.0	0.0	0.0	0.0	0.0	0.0	0.0	0.0	0.0	0.0	0.0	0.0	0.0	0.0	0.0	0.0	0.0	0.0	0.0	0.0	0.0	0.0
S3I_T03_2	0.0	0.0	0.0	0.0	2.2076960726632255e-05	0.0	0.0	0.0	0.0	0.0	0.0	0.0	0.0	2.6492352871958704e-05	8.830784290652901e-06	0.0001633695093770787	4.415392145326451e-06	4.415392145326451e-05	0.0	0.0	0.0	0.0	8.830784290652901e-06	1.7661568581305802e-05	0.0	0.0	0.0	8.830784290652901e-06	0.00020310803868501675	4.415392145326451e-06	4.415392145326451e-06	0.0	4.415392145326451e-06	5.298470574391741e-05	8.830784290652901e-06	0.0	0.0	0.0
S3I_T04_1	0.0	0.029377905208740604	0.0	0.0	0.0	0.0	0.0	0.0	0.0	0.0	0.0	0.0	0.0	0.0	0.0	0.0	0.0	0.0	0.0	0.0	0.0	0.0	0.0	0.0	0.0	0.0	0.0	0.0	0.0	0.0	0.0	0.0	0.0	0.0	0.0	0.0	0.0	0.0
S3I_T04_2	0.0	0.0	0.0	0.0	0.0	0.0	0.0	0.0	0.0	0.0	0.0	0.0	0.0	3.258178026847387e-05	0.0	0.0001357574177853078	0.0	4.3442373691298495e-05	0.0	0.0	0.0	0.0	5.430296711412312e-06	0.0	0.0	0.0	0.0	0.0	0.0001846300881880186	0.0	0.0	0.0	0.0	8.145445067118468e-05	1.0860593422824624e-05	0.0	0.0	0.0
S3I_T05_1	2.3003820474504404e-05	0.03096314235868293	0.0	0.0	0.0	0.0	0.0	0.0	0.0	0.0	0.0	0.0	0.0	0.0	0.0	0.0	0.0	0.0	0.0	0.0	0.0	0.0	0.0	0.0	0.0	0.0	0.0	0.0	0.0	0.0	0.0	0.0	0.0	0.0	0.0	0.0	0.0	0.0
S3I_T05_2	0.0	0.0	0.0	0.0	2.3003820474504404e-05	0.0	0.0	0.0	0.0	0.0	0.0	0.0	0.0	4.140687685410793e-05	9.201528189801762e-06	0.000193232091985837	4.600764094900881e-06	7.36122255184141e-05	0.0	0.0	0.0	0.0	2.3003820474504404e-05	2.3003820474504404e-05	0.0	0.0	0.0	9.201528189801762e-06	0.00018403056379603523	4.600764094900881e-06	4.600764094900881e-06	0.0	4.600764094900881e-06	5.5209169138810575e-05	9.201528189801762e-06	0.0	0.0	0.0
S3I_T10_1	2.2417674453221712e-05	0.0277754986475417	0.0	0.0	0.0	0.0	0.0	0.0	0.0	0.0	0.0	0.0	0.0	0.0	0.0	0.0	0.0	0.0	0.0	0.0	0.0	0.0	0.0	0.0	0.0	0.0	0.0	0.0	0.0	0.0	0.0	0.0	0.0	0.0	0.0	0.0	0.0	0.0
S3I_T10_2	0.0	0.0	0.0	0.0	0.0	0.0	0.0	0.0	0.0	0.0	0.0	0.0	0.0	2.2417674453221712e-05	0.0	0.00015244018628190765	0.0	5.8285953578376447e-05	0.0	0.0	0.0	0.0	1.793413956257737e-05	8.967069781288685e-06	0.0	0.0	0.0	8.967069781288685e-06	0.0002241767445322171	8.967069781288685e-06	4.483534890644343e-06	0.0	8.967069781288685e-06	7.622009314095382e-05	1.793413956257737e-05	0.0	0.0	0.0
S3I_T15_1	0.0	0.029567967565318397	0.0	0.0	0.0	0.0	0.0	0.0	0.0	0.0	0.0	0.0	0.0	0.0	0.0	0.0	0.0	0.0	0.0	0.0	0.0	0.0	0.0	0.0	0.0	0.0	0.0	0.0	0.0	0.0	0.0	0.0	0.0	0.0	0.0	0.0	0.0	0.0
S3I_T15_2	0.0	0.0	0.0	0.0	0.0	0.0	0.0	0.0	0.0	0.0	0.0	0.0	0.0	1.8384228538021802e-05	0.0	0.00014707382830417441	0.0	2.45123047173624e-05	0.0	0.0	0.0	0.0	0.0	0.0	0.0	0.0	0.0	0.0	0.0001409457521248338	0.0	0.0	0.0	0.0	1.8384228538021802e-05	0.0	0.0	0.0	0.0
S3I_T20_1	2.07587100952721e-05	0.029767990276620193	0.0	0.0	0.0	0.0	0.0	0.0	0.0	0.0	0.0	0.0	0.0	0.0	0.0	0.0	0.0	0.0	0.0	0.0	0.0	0.0	0.0	0.0	0.0	0.0	0.0	0.0	0.0	0.0	0.0	0.0	0.0	0.0	0.0	0.0	0.0	0.0
S3I_T20_2	0.0	0.0	0.0	0.0	0.0	0.0	0.0	0.0	0.0	0.0	0.0	0.0	0.0	4.15174201905442e-05	0.0	0.00019928361691461216	0.0	6.642787230487072e-05	4.15174201905442e-06	0.0	0.0	0.0	1.245522605716326e-05	0.0	0.0	0.0	0.0	0.0	0.0002034353589336666	8.30348403810884e-06	4.15174201905442e-06	0.0	0.0	5.8124388266761876e-05	0.0	0.0	0.0	0.0
S3M_T01_1	0.0	0.02988899641036112	0.0	0.0	0.0	0.0	0.0	0.0	0.0	0.0	0.0	0.0	0.0	0.0	0.0	0.0	0.0	0.0	0.0	0.0	0.0	0.0	0.0	0.0	0.0	0.0	0.0	0.0	0.0	0.0	0.0	0.0	0.0	0.0	0.0	0.0	0.0	0.0
S3M_T01_2	0.0	0.0	0.0	0.0	5.380557409605963e-05	0.0	0.0	0.0	0.0	0.0	0.0	0.0	0.0	4.842501668645367e-05	1.614167222881789e-05	0.00019908062415542062	5.380557409605963e-06	6.994724632487751e-05	0.0	0.0	0.0	0.0	2.152222963842385e-05	3.7663901867241744e-05	0.0	0.0	0.0	2.152222963842385e-05	0.0002206028537938445	1.0761114819211926e-05	1.0761114819211926e-05	0.0	1.0761114819211926e-05	6.456668891527155e-05	1.0761114819211926e-05	0.0	0.0	0.0
S3M_T02_1	6.38656335194094e-05	0.02916530597386363	0.0	0.0	0.0	0.0	0.0	0.0	0.0	0.0	0.0	0.0	0.0	0.0	0.0	0.0	0.0	0.0	0.0	0.0	0.0	0.0	0.0	0.0	0.0	0.0	0.0	0.0	0.0	0.0	0.0	0.0	0.0	0.0	0.0	0.0	0.0	0.0
S3M_T02_2	0.0	0.0	0.0	0.0	0.0	0.0	0.0	0.0	0.0	0.0	0.0	0.0	0.0	2.980396230905772e-05	0.0	0.0002512048251763437	0.0	5.1092506815527525e-05	0.0	0.0	0.0	0.0	1.2773126703881881e-05	4.25770890129396e-06	0.0	0.0	0.0	4.25770890129396e-06	0.00019585460945952215	8.51541780258792e-06	4.25770890129396e-06	0.0	0.0	3.831938011164565e-05	0.0	0.0	0.0	0.0
S3M_T03_1	0.0	0.029180952244970075	0.0	0.0	0.0	0.0	0.0	0.0	0.0	0.0	0.0	0.0	0.0	0.0	0.0	0.0	0.0	0.0	0.0	0.0	0.0	0.0	0.0	0.0	0.0	0.0	0.0	0.0	0.0	0.0	0.0	0.0	0.0	0.0	0.0	0.0	0.0	0.0
S3M_T03_2	0.0	0.0	0.0	0.0	0.0	0.0	0.0	0.0	0.0	0.0	0.0	0.0	0.0	1.3385757910536734e-05	0.0	0.00014724333701590406	0.0	4.01572737316102e-05	0.0	0.0	0.0	0.0	8.923838607024488e-06	0.0	0.0	0.0	0.0	0.0	0.00023648172308614896	4.461919303512244e-06	0.0	0.0	0.0	4.461919303512245e-05	0.0	0.0	0.0	0.0
S3M_T04_1	3.1773538552264134e-05	0.02856441115848546	0.0	0.0	0.0	0.0	0.0	0.0	0.0	0.0	0.0	0.0	0.0	0.0	0.0	0.0	0.0	0.0	0.0	0.0	0.0	0.0	0.0	0.0	0.0	0.0	0.0	0.0	0.0	0.0	0.0	0.0	0.0	0.0	0.0	0.0	0.0	0.0
S3M_T04_2	0.0	0.0	0.0	0.0	3.1773538552264134e-05	0.0	0.0	0.0	0.0	0.0	0.0	0.0	0.0	3.1773538552264134e-05	6.354707710452827e-06	0.00018428652360313197	0.0	4.4482953973169786e-05	0.0	0.0	0.0	0.0	2.5418830841811308e-05	3.812824626271696e-05	0.0	0.0	0.0	2.5418830841811308e-05	0.00020335064673449046	1.2709415420905654e-05	1.2709415420905654e-05	0.0	1.906412313135848e-05	8.261120023588675e-05	2.5418830841811308e-05	0.0	0.0	0.0
S3M_T05_1	8.535837178905812e-05	0.0312838432606898	0.0	0.0	0.0	0.0	0.0	0.0	0.0	0.0	0.0	0.0	0.0	0.0	0.0	0.0	0.0	0.0	0.0	0.0	0.0	0.0	0.0	0.0	0.0	0.0	0.0	0.0	0.0	0.0	0.0	0.0	0.0	0.0	0.0	0.0	0.0	0.0
S3M_T05_2	0.0	0.0	0.0	0.0	0.0	0.0	0.0	0.0	0.0	0.0	0.0	0.0	0.0	2.133959294726453e-05	0.0	0.0002219317666515511	0.0	3.4143348715623246e-05	0.0	0.0	0.0	0.0	0.0	0.0	0.0	0.0	0.0	0.0	0.00018778841793592788	0.0	0.0	0.0	4.267918589452906e-06	5.548294166288778e-05	8.535837178905812e-06	0.0	0.0	0.0
S3M_T10_1	0.0	0.026452548484113235	0.0	0.0	0.0	0.0	0.0	0.0	0.0	0.0	0.0	0.0	0.0	0.0	0.0	0.0	0.0	0.0	0.0	0.0	0.0	0.0	0.0	0.0	0.0	0.0	0.0	0.0	0.0	0.0	0.0	0.0	0.0	0.0	0.0	0.0	0.0	0.0
S3M_T10_2	0.0	0.0	0.0	0.0	0.0	0.0	0.0	0.0	0.0	0.0	0.0	0.0	0.0	1.3542260316098925e-05	0.0	0.00012188034284489034	0.0	2.257043386016488e-05	0.0	0.0	0.0	0.0	0.0	0.0	0.0	0.0	0.0	0.0	0.00018959164442538498	0.0	0.0	0.0	0.0	3.159860740423083e-05	0.0	0.0	0.0	0.0
S3M_T15_1	3.2667173443417354e-05	0.03008646674138738	0.0	0.0	0.0	0.0	0.0	0.0	0.0	0.0	0.0	0.0	0.0	0.0	0.0	0.0	0.0	0.0	0.0	0.0	0.0	0.0	0.0	0.0	0.0	0.0	0.0	0.0	0.0	0.0	0.0	0.0	0.0	0.0	0.0	0.0	0.0	0.0
S3M_T15_2	0.0	0.0	0.0	0.0	3.2667173443417354e-05	0.0	0.0	0.0	0.0	0.0	0.0	0.0	0.0	3.2667173443417354e-05	1.306686937736694e-05	0.00015680243252840328	6.53343468868347e-06	3.920060813210082e-05	0.0	0.0	0.0	0.0	1.306686937736694e-05	2.613373875473388e-05	0.0	0.0	0.0	1.306686937736694e-05	0.0001764027365944537	6.53343468868347e-06	6.53343468868347e-06	0.0	6.53343468868347e-06	4.573404282078429e-05	6.53343468868347e-06	0.0	0.0	0.0
S3M_T20_1	0.0	0.027724423765321603	0.0	0.0	0.0	0.0	0.0	0.0	0.0	0.0	0.0	0.0	0.0	0.0	0.0	0.0	0.0	0.0	0.0	0.0	0.0	0.0	0.0	0.0	0.0	0.0	0.0	0.0	0.0	0.0	0.0	0.0	0.0	0.0	0.0	0.0	0.0	0.0
S3M_T20_2	0.0	0.0	0.0	0.0	0.0	0.0	0.0	0.0	0.0	0.0	0.0	0.0	0.0	3.176284228432917e-05	0.0	0.0001497391136261232	0.0	5.445058677313572e-05	0.0	0.0	0.0	0.0	9.075097795522618e-06	9.075097795522618e-06	0.0	0.0	0.0	9.075097795522618e-06	0.00018150195591045237	4.537548897761309e-06	4.537548897761309e-06	0.0	4.537548897761309e-06	5.898813567089703e-05	1.361264669328393e-05	0.0	0.0	0.0
