Sample	17	22	27	32	37	42	47	52	57	62	67	72	77	82	87	92	97	102	107	112	117	122	127	132	137	142	147	151
C1I_T01_clean_1	77549.0	86582.0	94794.0	104795.0	113133.0	129571.0	141769.0	150161.0	149562.0	156533.0	161949.0	161890.0	152241.0	148463.0	144942.0	145165.0	130882.0	121032.0	119754.0	104312.0	109250.0	99221.0	93630.0	82278.0	86222.0	88384.0	121838.0	244658.0
C1I_T01_clean_2	74396.0	81824.0	90027.0	99820.0	107804.0	121578.0	124872.0	131885.0	141375.0	145256.0	145397.0	151756.0	145947.0	147621.0	141854.0	126821.0	124754.0	126084.0	142105.0	115707.0	122505.0	109629.0	118919.0	99827.0	99843.0	98856.0	129483.0	254615.0
C1I_T02_clean_1	63946.0	66527.0	68913.0	76152.0	81303.0	96255.0	104122.0	117365.0	119449.0	131583.0	140926.0	150095.0	150689.0	154069.0	156603.0	160305.0	151725.0	144861.0	150968.0	134687.0	150445.0	145374.0	143886.0	131436.0	145562.0	158632.0	240743.0	689186.0
C1I_T02_clean_2	92478.0	98825.0	107929.0	119723.0	129241.0	147067.0	149718.0	159593.0	170465.0	174261.0	174799.0	182431.0	174647.0	176865.0	169144.0	151440.0	148959.0	150659.0	168980.0	138380.0	146313.0	130404.0	141711.0	118821.0	119917.0	118858.0	156473.0	307706.0
C1I_T03_clean_1	61489.0	63263.0	66870.0	73478.0	78132.0	93243.0	100648.0	113293.0	115575.0	127605.0	136795.0	145448.0	144500.0	147456.0	150443.0	152939.0	145102.0	137790.0	144516.0	128496.0	143356.0	137781.0	135932.0	124248.0	137432.0	148625.0	227013.0	641254.0
C1I_T03_clean_2	90966.0	95696.0	103828.0	114203.0	122299.0	138714.0	141374.0	149541.0	160010.0	164130.0	164992.0	173359.0	163911.0	166085.0	159751.0	143169.0	141241.0	143148.0	161079.0	132286.0	140203.0	124485.0	136110.0	114704.0	115081.0	114396.0	150926.0	297035.0
C1I_T04_clean_1	57184.0	61188.0	64943.0	71366.0	74923.0	87522.0	94525.0	102803.0	104107.0	111938.0	118713.0	122123.0	121095.0	120517.0	121375.0	122491.0	115025.0	107825.0	110769.0	98541.0	107381.0	102061.0	99956.0	91213.0	97961.0	105328.0	156291.0	412218.0
C1I_T04_clean_2	66163.0	70512.0	77778.0	86392.0	93169.0	106581.0	108781.0	115798.0	124614.0	126754.0	128347.0	134246.0	129314.0	131410.0	124994.0	112519.0	110994.0	112601.0	126742.0	103181.0	110181.0	99377.0	107813.0	91442.0	92278.0	93224.0	124577.0	251600.0
C1I_T05_clean_1	56534.0	58941.0	61007.0	66311.0	70224.0	82179.0	91158.0	102254.0	105353.0	115650.0	125106.0	131753.0	133017.0	134067.0	137752.0	140493.0	132660.0	125139.0	131761.0	118212.0	130538.0	125070.0	123428.0	112446.0	124728.0	135297.0	205587.0	579468.0
C1I_T05_clean_2	85165.0	91200.0	99735.0	108932.0	116602.0	130348.0	134022.0	139865.0	150389.0	151678.0	152875.0	158554.0	151749.0	153126.0	145591.0	129728.0	127812.0	129457.0	145136.0	117801.0	124654.0	111099.0	119674.0	100667.0	99246.0	99652.0	130601.0	250775.0
C1I_T10_clean_1	53711.0	54995.0	56370.0	61618.0	63774.0	75852.0	81368.0	92405.0	92401.0	103615.0	109505.0	117333.0	117884.0	119443.0	122172.0	124196.0	120376.0	112455.0	117910.0	105135.0	118808.0	114088.0	113351.0	102787.0	114170.0	124045.0	188740.0	554664.0
C1I_T10_clean_2	58192.0	62376.0	69661.0	79304.0	88312.0	104508.0	107263.0	116671.0	126947.0	132653.0	134351.0	142863.0	138075.0	141199.0	137415.0	122519.0	121391.0	123604.0	140693.0	115756.0	123129.0	110419.0	121705.0	102044.0	102564.0	102139.0	135920.0	271498.0
C1I_T15_clean_1	53975.0	55013.0	56629.0	61546.0	64208.0	76304.0	82548.0	92854.0	94567.0	103862.0	111750.0	117843.0	119088.0	120557.0	123338.0	125144.0	118738.0	112282.0	118056.0	106017.0	117538.0	112611.0	111544.0	100944.0	111548.0	119358.0	179124.0	504025.0
C1I_T15_clean_2	53358.0	58266.0	65496.0	75306.0	83925.0	99259.0	104144.0	113905.0	123897.0	130055.0	133120.0	141990.0	137682.0	140309.0	136357.0	122528.0	121601.0	122750.0	141014.0	115296.0	123685.0	109977.0	120607.0	101277.0	101191.0	100652.0	132840.0	260524.0
C1I_T20_clean_1	75830.0	77288.0	79534.0	85880.0	90080.0	106237.0	115072.0	130476.0	132177.0	147456.0	158462.0	167274.0	166747.0	169631.0	173737.0	176825.0	167140.0	159463.0	165644.0	147408.0	164675.0	157710.0	155482.0	142165.0	155954.0	168357.0	253207.0	702708.0
C1I_T20_clean_2	76216.0	85547.0	97942.0	113386.0	126642.0	147620.0	154518.0	168042.0	181960.0	188994.0	191416.0	202397.0	194721.0	198402.0	190462.0	170779.0	167845.0	170945.0	192980.0	158009.0	166172.0	149092.0	161800.0	136650.0	136456.0	136308.0	178722.0	348596.0
C1M_T01_clean_1	46900.0	51520.0	55398.0	61459.0	66081.0	76861.0	84271.0	91367.0	91902.0	98389.0	103835.0	106388.0	102235.0	100822.0	100550.0	101163.0	92898.0	86069.0	87255.0	76282.0	82486.0	75712.0	73026.0	65692.0	69224.0	73195.0	104303.0	238928.0
C1M_T01_clean_2	50634.0	54444.0	60062.0	65850.0	71050.0	80654.0	83070.0	88555.0	95046.0	97898.0	98837.0	104403.0	100444.0	101317.0	98015.0	88009.0	86479.0	87740.0	99511.0	81393.0	86934.0	77623.0	85466.0	72638.0	73748.0	73722.0	99596.0	201073.0
C1M_T02_clean_1	54146.0	59964.0	64603.0	73025.0	78231.0	92304.0	101670.0	112527.0	113607.0	124686.0	132950.0	140022.0	136845.0	138187.0	139054.0	142105.0	131863.0	125873.0	129098.0	114100.0	125224.0	118884.0	115773.0	104854.0	114359.0	121916.0	179567.0	458148.0
C1M_T02_clean_2	83577.0	88348.0	96650.0	106056.0	113874.0	125718.0	129224.0	135122.0	144309.0	146726.0	146442.0	153290.0	145460.0	147100.0	139823.0	125252.0	123221.0	124294.0	139598.0	113827.0	119499.0	107015.0	116296.0	97291.0	97192.0	96587.0	128070.0	253724.0
C1M_T03_clean_1	55769.0	58751.0	61920.0	67713.0	71406.0	85136.0	92239.0	104056.0	105262.0	116436.0	124778.0	132803.0	131617.0	133639.0	136433.0	140408.0	132123.0	125177.0	130664.0	116838.0	130301.0	124311.0	122885.0	111817.0	123898.0	134314.0	203653.0	572328.0
C1M_T03_clean_2	82036.0	85215.0	91267.0	100543.0	107690.0	120258.0	124254.0	130717.0	140953.0	144924.0	146155.0	153914.0	146941.0	149260.0	143810.0	129410.0	127508.0	129300.0	146158.0	120020.0	127793.0	114387.0	125308.0	106271.0	106065.0	107455.0	144988.0	294075.0
C1M_T04_clean_1	49959.0	53999.0	57035.0	62718.0	66483.0	77489.0	83468.0	90794.0	91963.0	98987.0	105398.0	108876.0	107311.0	107187.0	108797.0	109395.0	102308.0	96873.0	99480.0	87946.0	96192.0	92422.0	89765.0	81663.0	88758.0	95323.0	141758.0	376822.0
C1M_T04_clean_2	53021.0	57367.0	63265.0	71316.0	78083.0	88970.0	92492.0	99588.0	107423.0	110828.0	112366.0	118893.0	115396.0	116854.0	112157.0	100928.0	99123.0	101000.0	115109.0	94376.0	99610.0	90706.0	100153.0	84804.0	85886.0	88003.0	120401.0	251051.0
C1M_T05_clean_1	53201.0	55932.0	58638.0	64810.0	68642.0	80753.0	88057.0	98882.0	100752.0	109969.0	118666.0	124398.0	124951.0	127021.0	128563.0	130764.0	123905.0	118221.0	122274.0	109770.0	121592.0	116085.0	114780.0	105236.0	115198.0	125837.0	190590.0	536496.0
C1M_T05_clean_2	79504.0	83593.0	90218.0	98098.0	105937.0	118552.0	121665.0	127990.0	137837.0	139594.0	140899.0	147135.0	141662.0	143279.0	135434.0	122005.0	119255.0	121722.0	135133.0	111113.0	117816.0	104745.0	114509.0	96883.0	97105.0	96635.0	128982.0	256683.0
C1M_T10_clean_1	52231.0	54064.0	55708.0	61038.0	63393.0	75400.0	81035.0	91980.0	92482.0	103210.0	110193.0	117695.0	117510.0	120037.0	122424.0	124839.0	118812.0	112396.0	118667.0	105858.0	117905.0	114339.0	112489.0	102433.0	113861.0	123014.0	187680.0	541156.0
C1M_T10_clean_2	53755.0	57696.0	65104.0	74670.0	82753.0	97637.0	101784.0	111995.0	121689.0	127832.0	130169.0	139896.0	135240.0	139210.0	135162.0	121916.0	120953.0	123180.0	140435.0	115909.0	123688.0	111921.0	123631.0	104690.0	105256.0	105845.0	144517.0	295316.0
C1M_T15_clean_1	57748.0	61218.0	64756.0	70583.0	74250.0	88929.0	97035.0	108538.0	110084.0	120454.0	130653.0	136666.0	136795.0	137764.0	140600.0	143625.0	136061.0	129103.0	133424.0	119041.0	133344.0	127087.0	125289.0	114181.0	125708.0	136790.0	207399.0	580410.0
C1M_T15_clean_2	89997.0	93921.0	100701.0	109148.0	115792.0	130024.0	132699.0	140362.0	149732.0	151666.0	152921.0	159795.0	153606.0	154933.0	148307.0	131876.0	130285.0	131615.0	148185.0	120796.0	128421.0	113630.0	125562.0	105690.0	105229.0	104474.0	138886.0	279282.0
C1M_T20_clean_1	59351.0	63463.0	65931.0	73063.0	77377.0	91408.0	100016.0	112314.0	114564.0	126143.0	135868.0	142892.0	142912.0	144003.0	146558.0	150012.0	141078.0	133229.0	137930.0	123822.0	136408.0	131134.0	128733.0	116545.0	128906.0	139342.0	209268.0	573405.0
C1M_T20_clean_2	103972.0	107462.0	115463.0	122648.0	129320.0	142360.0	144312.0	150210.0	160651.0	161476.0	161553.0	166623.0	157732.0	159143.0	151407.0	134595.0	131254.0	132642.0	148204.0	120299.0	126119.0	112751.0	121240.0	101451.0	100992.0	99271.0	129361.0	253164.0
C2I_T01_clean_1	48802.0	51699.0	55091.0	59410.0	62490.0	71923.0	77801.0	83483.0	83611.0	88984.0	92850.0	95392.0	91317.0	90456.0	90372.0	90549.0	83488.0	78044.0	79114.0	69381.0	74851.0	69896.0	67342.0	60479.0	64536.0	67592.0	98123.0	233910.0
C2I_T01_clean_2	57134.0	61209.0	66379.0	72348.0	76634.0	84996.0	86302.0	90177.0	95932.0	96183.0	97415.0	98871.0	94569.0	94714.0	89406.0	79953.0	78178.0	78233.0	87246.0	71179.0	74777.0	66038.0	71402.0	61032.0	59378.0	59355.0	78188.0	153758.0
C2I_T02_clean_1	41479.0	43632.0	45589.0	50695.0	53064.0	62191.0	66643.0	74168.0	74315.0	81164.0	86071.0	90267.0	89846.0	90595.0	91578.0	93699.0	87969.0	83359.0	86265.0	77067.0	84753.0	81035.0	79362.0	72746.0	79913.0	86255.0	130699.0	361047.0
C2I_T02_clean_2	61109.0	65137.0	69866.0	76298.0	81725.0	90243.0	91697.0	95921.0	101838.0	102921.0	103240.0	106212.0	100909.0	101750.0	96156.0	86139.0	83684.0	84235.0	93952.0	76735.0	80397.0	71379.0	77543.0	65172.0	64548.0	64643.0	85287.0	166730.0
C2I_T03_clean_1	37748.0	39652.0	41665.0	45779.0	48193.0	55650.0	60611.0	67142.0	67835.0	73973.0	79175.0	82782.0	81884.0	83190.0	83401.0	84980.0	79138.0	75794.0	78106.0	69432.0	76551.0	73325.0	72063.0	65902.0	72126.0	77621.0	117511.0	323772.0
C2I_T03_clean_2	57439.0	60305.0	64447.0	69348.0	73246.0	80968.0	81868.0	85778.0	91202.0	91663.0	91858.0	94932.0	91298.0	91274.0	87075.0	77364.0	75636.0	77045.0	84991.0	69306.0	72741.0	65178.0	70689.0	59215.0	59290.0	58942.0	78155.0	153748.0
C2I_T04_clean_1	30962.0	33517.0	34936.0	38209.0	39931.0	45257.0	48632.0	52296.0	51746.0	54890.0	57868.0	58794.0	57546.0	56902.0	57485.0	57441.0	53347.0	49853.0	51187.0	45269.0	49226.0	46648.0	45038.0	41170.0	44207.0	46883.0	69398.0	178183.0
C2I_T04_clean_2	33275.0	36139.0	39695.0	43878.0	46957.0	52635.0	53756.0	56777.0	60248.0	61761.0	61609.0	64509.0	61688.0	61971.0	59367.0	52837.0	51568.0	51858.0	58553.0	47333.0	49802.0	45076.0	49021.0	41752.0	41433.0	41854.0	56519.0	114950.0
C2I_T05_clean_1	38533.0	40673.0	42543.0	45870.0	49027.0	55905.0	61421.0	67849.0	68729.0	74101.0	79350.0	82333.0	81617.0	81752.0	83217.0	84306.0	78862.0	74163.0	76390.0	68222.0	75669.0	71993.0	70340.0	63462.0	69701.0	75290.0	113271.0	306630.0
C2I_T05_clean_2	55977.0	59736.0	64663.0	69923.0	74057.0	81882.0	83858.0	87339.0	92954.0	93620.0	92732.0	95364.0	90568.0	91142.0	86378.0	76850.0	75036.0	74907.0	83755.0	68235.0	71133.0	62862.0	67702.0	57136.0	56446.0	54981.0	72812.0	139171.0
C2I_T10_clean_1	38846.0	40480.0	42462.0	46205.0	48630.0	56144.0	61334.0	67556.0	68086.0	74308.0	79254.0	82833.0	82046.0	82230.0	83080.0	84114.0	79760.0	75021.0	77819.0	69575.0	76171.0	73314.0	71576.0	64620.0	71464.0	77473.0	116903.0	323801.0
C2I_T10_clean_2	56250.0	59397.0	63532.0	68674.0	73182.0	80615.0	81461.0	85768.0	91586.0	92100.0	92060.0	95689.0	90764.0	91853.0	86946.0	77782.0	76491.0	77256.0	85914.0	69428.0	73432.0	65576.0	70367.0	59811.0	59067.0	59244.0	77866.0	152994.0
C2I_T15_clean_1	34640.0	35191.0	36313.0	39482.0	41437.0	49719.0	52709.0	59407.0	58600.0	64677.0	67511.0	70600.0	70246.0	70168.0	71899.0	71885.0	68569.0	64286.0	66828.0	58914.0	65859.0	61676.0	60794.0	54341.0	59761.0	62712.0	91702.0	251933.0
C2I_T15_clean_2	32102.0	35620.0	40070.0	46207.0	50899.0	61425.0	63232.0	69602.0	74402.0	77687.0	78511.0	83363.0	79676.0	81351.0	78887.0	70275.0	70067.0	69803.0	78825.0	63956.0	68680.0	60016.0	65603.0	53847.0	54112.0	52185.0	68203.0	133253.0
C2I_T20_clean_1	60752.0	63659.0	67448.0	73814.0	79323.0	94262.0	103708.0	116517.0	118815.0	131776.0	142303.0	151016.0	151636.0	153149.0	157955.0	159740.0	152142.0	143679.0	150938.0	133694.0	148867.0	143574.0	141412.0	131468.0	143464.0	157168.0	238370.0	679231.0
C2I_T20_clean_2	111954.0	115643.0	123459.0	132538.0	140191.0	154869.0	157754.0	164477.0	174529.0	175855.0	176793.0	182288.0	173031.0	173874.0	165468.0	146949.0	144732.0	145218.0	161971.0	130851.0	137781.0	122078.0	131490.0	111212.0	109666.0	108318.0	140870.0	276021.0
C2M_T01_clean_1	64165.0	68638.0	73131.0	81066.0	86206.0	99949.0	107729.0	116665.0	115466.0	122276.0	126709.0	128707.0	122678.0	120018.0	118252.0	118961.0	108529.0	101031.0	100979.0	88463.0	94572.0	86720.0	83244.0	73645.0	78034.0	80630.0	114329.0	253208.0
C2M_T01_clean_2	65440.0	70405.0	76479.0	84347.0	89938.0	101214.0	103553.0	109630.0	116586.0	119549.0	119302.0	125156.0	119538.0	121130.0	116299.0	103548.0	102537.0	103830.0	116224.0	95637.0	100809.0	90079.0	98040.0	82986.0	83496.0	83634.0	111737.0	222877.0
C2M_T02_clean_1	53775.0	56913.0	59930.0	65710.0	69810.0	81667.0	88715.0	98017.0	99517.0	107648.0	115650.0	121667.0	120043.0	121245.0	123057.0	125245.0	116980.0	110663.0	114517.0	101859.0	112187.0	107585.0	104834.0	95584.0	104718.0	112281.0	167629.0	444743.0
C2M_T02_clean_2	71655.0	75750.0	82553.0	91006.0	97874.0	109574.0	111677.0	118218.0	126676.0	128632.0	129744.0	135829.0	130137.0	131368.0	126070.0	113085.0	111287.0	113274.0	127233.0	104341.0	111719.0	99019.0	108548.0	91808.0	91570.0	92376.0	123612.0	247554.0
C2M_T03_clean_1	44230.0	46404.0	48092.0	52931.0	55557.0	67026.0	72021.0	80695.0	81514.0	90052.0	96659.0	100866.0	99849.0	100791.0	103518.0	105290.0	99152.0	93968.0	96868.0	86709.0	96556.0	91553.0	90396.0	82000.0	89497.0	97362.0	145686.0	401444.0
C2M_T03_clean_2	64318.0	66851.0	71419.0	77207.0	82498.0	92272.0	93818.0	99067.0	105951.0	108571.0	109493.0	114347.0	109231.0	110475.0	106706.0	95947.0	94763.0	96582.0	108105.0	88676.0	94032.0	84341.0	91969.0	77608.0	78056.0	78467.0	105221.0	210695.0
C2M_T04_clean_1	41366.0	42253.0	44238.0	48606.0	51120.0	60480.0	63928.0	70862.0	71013.0	76971.0	80941.0	84530.0	83811.0	82606.0	84036.0	85128.0	80347.0	75286.0	78522.0	68961.0	76138.0	71843.0	70989.0	63543.0	69302.0	73460.0	108425.0	290088.0
C2M_T04_clean_2	34227.0	37875.0	42583.0	49493.0	54616.0	65604.0	68044.0	75681.0	81003.0	85354.0	86644.0	93398.0	89382.0	92504.0	89163.0	80012.0	79995.0	80805.0	92669.0	75980.0	82335.0	73762.0	81373.0	68942.0	70206.0	70718.0	96116.0	200309.0
C2M_T05_clean_1	44762.0	45869.0	46729.0	50637.0	53387.0	62766.0	67498.0	76079.0	77466.0	86104.0	92055.0	96818.0	96806.0	98059.0	100066.0	102224.0	96862.0	92027.0	96136.0	85989.0	95342.0	91731.0	90159.0	82242.0	91050.0	98096.0	147370.0	420193.0
C2M_T05_clean_2	50380.0	54786.0	60846.0	68712.0	75265.0	86979.0	90743.0	97724.0	105223.0	109228.0	110483.0	117116.0	112511.0	114814.0	109904.0	98458.0	97624.0	98911.0	111631.0	90737.0	97052.0	86098.0	94702.0	79330.0	79436.0	78818.0	104555.0	202456.0
C2M_T10_clean_1	46699.0	48043.0	49170.0	53592.0	55968.0	66393.0	71042.0	79986.0	80444.0	88924.0	94896.0	101093.0	101118.0	102793.0	104411.0	106610.0	102228.0	95380.0	100726.0	90225.0	100466.0	96719.0	95277.0	86149.0	95762.0	104183.0	157821.0	455765.0
C2M_T10_clean_2	50713.0	53750.0	59306.0	67884.0	74391.0	87871.0	89832.0	98411.0	105676.0	110436.0	112320.0	119987.0	115575.0	119206.0	115145.0	104237.0	102954.0	103977.0	118834.0	97546.0	105096.0	93420.0	103841.0	87247.0	88244.0	88055.0	118104.0	239825.0
C2M_T15_clean_1	54644.0	56815.0	59330.0	65248.0	68983.0	81465.0	87932.0	98786.0	99869.0	109644.0	118253.0	124458.0	123811.0	125083.0	128010.0	129460.0	123153.0	115679.0	121893.0	107900.0	120225.0	115288.0	113728.0	102813.0	114231.0	123955.0	188454.0	525841.0
C2M_T15_clean_2	85463.0	88276.0	93804.0	101925.0	107470.0	120928.0	121785.0	129303.0	137227.0	139854.0	139147.0	145145.0	139564.0	139964.0	134215.0	120042.0	117882.0	118219.0	134354.0	109398.0	116586.0	103019.0	113192.0	93919.0	94507.0	93305.0	123850.0	242608.0
C2M_T20_clean_1	80130.0	83749.0	86799.0	95154.0	100723.0	117824.0	129242.0	145276.0	147876.0	163811.0	177027.0	186112.0	188072.0	189674.0	193616.0	197967.0	186988.0	178676.0	185334.0	165941.0	183728.0	177296.0	175093.0	160525.0	176574.0	193050.0	293155.0	836544.0
C2M_T20_clean_2	136491.0	142117.0	151618.0	163345.0	172492.0	188725.0	193766.0	200400.0	215435.0	217097.0	217168.0	223942.0	213599.0	214581.0	203342.0	181999.0	177380.0	180356.0	202075.0	163480.0	171570.0	153026.0	164900.0	139332.0	137731.0	136854.0	179645.0	353490.0
C3I_T01_clean_1	84312.0	91994.0	99061.0	109830.0	117254.0	136504.0	147763.0	159325.0	158215.0	167444.0	173951.0	175595.0	168404.0	164162.0	162810.0	162484.0	148888.0	137604.0	137733.0	119551.0	128765.0	116851.0	112011.0	99548.0	104657.0	108367.0	154135.0	331552.0
C3I_T01_clean_2	93306.0	100755.0	110784.0	120779.0	130354.0	144997.0	147550.0	154663.0	165041.0	167403.0	167213.0	173380.0	164258.0	165717.0	157978.0	140815.0	138208.0	139603.0	154814.0	126818.0	132637.0	117735.0	128446.0	107835.0	107030.0	105734.0	139585.0	275332.0
C3I_T02_clean_1	77535.0	82011.0	86672.0	96093.0	102274.0	120514.0	132392.0	147462.0	149897.0	165641.0	178569.0	188619.0	187902.0	190915.0	194069.0	198176.0	185114.0	177229.0	184049.0	163460.0	182170.0	175171.0	171782.0	157611.0	171828.0	187348.0	285607.0	779328.0
C3I_T02_clean_2	130926.0	139024.0	150227.0	162820.0	173415.0	190849.0	194448.0	201651.0	216476.0	216928.0	215990.0	222915.0	210538.0	212210.0	201550.0	179540.0	174156.0	176137.0	196623.0	160008.0	166509.0	148953.0	160259.0	134978.0	133217.0	132654.0	174343.0	342094.0
C3I_T03_clean_1	53197.0	56399.0	59216.0	66183.0	69710.0	83441.0	90208.0	102533.0	103515.0	114041.0	121962.0	128769.0	129059.0	130341.0	132503.0	135374.0	127845.0	120515.0	126288.0	112010.0	124448.0	119364.0	117404.0	106765.0	118048.0	127978.0	195474.0	539740.0
C3I_T03_clean_2	99062.0	101818.0	108390.0	116088.0	121898.0	133320.0	133588.0	139252.0	147823.0	147924.0	146389.0	151559.0	143042.0	144004.0	137283.0	121573.0	119278.0	120046.0	133196.0	108267.0	113305.0	101114.0	109540.0	91256.0	90604.0	89417.0	116491.0	226803.0
C3I_T04_clean_1	65434.0	70316.0	75433.0	82324.0	87434.0	101105.0	109488.0	120005.0	121115.0	129995.0	137279.0	142110.0	140572.0	140695.0	140386.0	141963.0	133538.0	125109.0	128975.0	114177.0	125614.0	119027.0	115713.0	105452.0	114649.0	123643.0	184027.0	488272.0
C3I_T04_clean_2	79232.0	85522.0	93769.0	103959.0	112279.0	127416.0	130511.0	138216.0	148208.0	150748.0	151977.0	158937.0	151949.0	153689.0	145943.0	129507.0	127351.0	129037.0	145123.0	118380.0	125298.0	111679.0	122596.0	103466.0	104215.0	105309.0	141114.0	288420.0
C3I_T05_clean_1	57948.0	60498.0	63726.0	69817.0	73917.0	87544.0	96695.0	107775.0	109670.0	120420.0	129168.0	136517.0	136657.0	138252.0	140642.0	142853.0	134966.0	128122.0	132962.0	119080.0	132239.0	126587.0	124978.0	113460.0	125208.0	135771.0	206301.0	579893.0
C3I_T05_clean_2	97319.0	102026.0	109634.0	118379.0	125729.0	138746.0	141476.0	146676.0	157117.0	157213.0	157066.0	161896.0	154453.0	154939.0	147152.0	131164.0	127028.0	129034.0	143759.0	116679.0	121409.0	108386.0	117376.0	98146.0	98132.0	96640.0	127060.0	247032.0
C3I_T10_clean_1	51950.0	53276.0	54776.0	59963.0	62219.0	72795.0	78787.0	89258.0	89706.0	99079.0	107434.0	114612.0	115758.0	117256.0	120431.0	122282.0	117082.0	109816.0	115794.0	103231.0	116403.0	111919.0	110667.0	100285.0	112411.0	122614.0	188471.0	554959.0
C3I_T10_clean_2	58513.0	63286.0	70880.0	80786.0	89743.0	104895.0	108187.0	116894.0	127396.0	131639.0	134060.0	142700.0	136258.0	139761.0	134675.0	120517.0	118825.0	120813.0	136344.0	111873.0	118807.0	105835.0	115869.0	98196.0	97886.0	98317.0	129919.0	260360.0
C3I_T15_clean_1	75958.0	78786.0	82622.0	91357.0	96013.0	113984.0	123630.0	138627.0	141068.0	153966.0	166333.0	175808.0	175769.0	177732.0	180353.0	183873.0	173880.0	165015.0	170632.0	152131.0	168946.0	163233.0	160016.0	146252.0	161210.0	176014.0	266291.0	744127.0
C3I_T15_clean_2	118123.0	125005.0	135689.0	148472.0	158650.0	176234.0	179800.0	187670.0	201178.0	201840.0	202889.0	209159.0	199683.0	201507.0	190448.0	169469.0	165394.0	167655.0	187346.0	151354.0	159430.0	141301.0	154027.0	128301.0	126793.0	126871.0	164935.0	324403.0
C3I_T20_clean_1	59617.0	62821.0	66548.0	73041.0	78094.0	90684.0	99930.0	110301.0	111768.0	121148.0	129453.0	135390.0	132146.0	132663.0	134271.0	135739.0	126093.0	120365.0	123415.0	109660.0	119432.0	112628.0	109272.0	99815.0	108098.0	114986.0	168943.0	429214.0
C3I_T20_clean_2	77583.0	83160.0	90408.0	98083.0	106002.0	117859.0	122285.0	127638.0	137130.0	139820.0	141404.0	147357.0	140322.0	141874.0	136344.0	121806.0	119509.0	121670.0	136259.0	111338.0	117943.0	105201.0	113836.0	95955.0	95460.0	95328.0	125860.0	248101.0
C3M_T01_clean_1	99402.0	115289.0	128674.0	143185.0	153368.0	171874.0	183275.0	186166.0	180675.0	184271.0	185592.0	178615.0	163159.0	153457.0	146632.0	143303.0	124718.0	112791.0	108286.0	92252.0	93302.0	81614.0	74758.0	65387.0	65719.0	65760.0	89376.0	139682.0
C3M_T01_clean_2	85536.0	95191.0	103869.0	113414.0	122307.0	133693.0	136871.0	141513.0	152581.0	153744.0	153741.0	159231.0	151456.0	153176.0	145266.0	129723.0	126685.0	128436.0	143492.0	115332.0	121459.0	107757.0	115864.0	97457.0	95949.0	93969.0	121795.0	231075.0
C3M_T02_clean_1	61594.0	64548.0	68187.0	75729.0	80658.0	95132.0	104930.0	117568.0	120699.0	132997.0	144753.0	154739.0	155120.0	157835.0	160333.0	164995.0	155002.0	147655.0	153922.0	138172.0	153536.0	148344.0	145162.0	133788.0	147869.0	161538.0	246900.0	694523.0
C3M_T02_clean_2	129690.0	134948.0	143017.0	152596.0	159888.0	172406.0	173459.0	177734.0	187996.0	186199.0	184661.0	188011.0	176146.0	177390.0	166305.0	147873.0	142635.0	143796.0	158257.0	127913.0	132714.0	117913.0	125404.0	104705.0	101728.0	100324.0	128876.0	243644.0
C3M_T03_clean_1	61660.0	66160.0	70679.0	78914.0	84353.0	100580.0	111345.0	124702.0	126571.0	140602.0	150478.0	159445.0	158038.0	160460.0	162421.0	165754.0	156037.0	147170.0	153518.0	136067.0	150567.0	144100.0	140600.0	128101.0	140480.0	150935.0	225857.0	614317.0
C3M_T03_clean_2	157244.0	157367.0	161274.0	168134.0	171973.0	182366.0	180304.0	182468.0	189935.0	187600.0	183497.0	184883.0	171792.0	171216.0	159689.0	141908.0	135820.0	136290.0	149085.0	119090.0	123340.0	107561.0	113886.0	93108.0	90456.0	86575.0	107865.0	195185.0
C3M_T04_clean_1	61617.0	66356.0	71155.0	78525.0	83454.0	97271.0	105840.0	116006.0	117316.0	126055.0	134320.0	139429.0	138302.0	137990.0	138926.0	141142.0	131175.0	123281.0	126936.0	112845.0	124107.0	117507.0	114485.0	104512.0	113379.0	122446.0	181411.0	484759.0
C3M_T04_clean_2	92222.0	97219.0	104657.0	114439.0	120684.0	133885.0	135616.0	141861.0	151415.0	152408.0	152558.0	156821.0	149055.0	150517.0	142341.0	126473.0	123388.0	123735.0	138320.0	111441.0	117922.0	104689.0	113646.0	96160.0	94978.0	94185.0	124706.0	245206.0
C3M_T05_clean_1	55948.0	58770.0	61606.0	66853.0	70598.0	83715.0	92875.0	104489.0	108553.0	119566.0	130854.0	139277.0	140879.0	143147.0	146116.0	149993.0	141513.0	134919.0	140908.0	125960.0	140504.0	136172.0	133553.0	123369.0	136262.0	149330.0	228952.0	654505.0
C3M_T05_clean_2	108402.0	115637.0	124942.0	134860.0	142318.0	154726.0	157134.0	161008.0	171623.0	170774.0	170308.0	174229.0	164801.0	164142.0	154208.0	137710.0	133135.0	133864.0	146886.0	118914.0	124333.0	109319.0	116345.0	97012.0	94774.0	93090.0	120638.0	224054.0
C3M_T10_clean_1	58324.0	59987.0	62808.0	68909.0	72336.0	85163.0	93034.0	105420.0	106920.0	118445.0	127767.0	136289.0	137298.0	140477.0	142761.0	145800.0	139218.0	129962.0	137090.0	122644.0	137175.0	132359.0	130221.0	118843.0	132129.0	143800.0	221425.0	642695.0
C3M_T10_clean_2	100828.0	105504.0	112955.0	123318.0	129911.0	143719.0	145318.0	152211.0	161971.0	164047.0	162616.0	168977.0	159417.0	161344.0	152983.0	136649.0	132779.0	134809.0	149938.0	121297.0	126899.0	112124.0	121402.0	101379.0	99672.0	98036.0	126932.0	242264.0
C3M_T15_clean_1	66920.0	71056.0	74251.0	82369.0	87154.0	104504.0	114255.0	130304.0	132157.0	146720.0	158407.0	167633.0	169839.0	172060.0	175978.0	179280.0	169940.0	161819.0	169629.0	150658.0	168046.0	162102.0	159913.0	146217.0	161363.0	176315.0	270087.0	760221.0
C3M_T15_clean_2	150911.0	155053.0	162393.0	171381.0	177441.0	192727.0	191790.0	195888.0	207107.0	205561.0	202570.0	206038.0	193334.0	192970.0	182436.0	160871.0	156912.0	156663.0	173617.0	138709.0	145537.0	127456.0	135151.0	111526.0	108838.0	105578.0	134226.0	246513.0
C3M_T20_clean_1	58887.0	62791.0	66472.0	73368.0	78296.0	92768.0	102108.0	114196.0	117472.0	129572.0	139729.0	146612.0	146457.0	147278.0	149958.0	153403.0	144483.0	137103.0	142154.0	126811.0	138979.0	133564.0	131044.0	119920.0	130188.0	141067.0	211450.0	570195.0
C3M_T20_clean_2	114616.0	117813.0	124402.0	132526.0	138926.0	149720.0	152009.0	156091.0	166456.0	166541.0	165984.0	169242.0	160823.0	160412.0	152539.0	134936.0	131562.0	133569.0	148266.0	120268.0	125234.0	111493.0	119440.0	98840.0	97580.0	96130.0	124641.0	236266.0
Host_DP05_rep1_clean_1	63449.0	66761.0	68517.0	75621.0	79593.0	94383.0	100712.0	113172.0	112871.0	123431.0	130871.0	136846.0	133900.0	135652.0	136573.0	139582.0	130087.0	124329.0	126196.0	113327.0	123733.0	118536.0	114968.0	104530.0	113864.0	121038.0	179135.0	487397.0
Host_DP05_rep1_clean_2	106538.0	107619.0	111313.0	118533.0	124057.0	136308.0	136591.0	142261.0	148822.0	150868.0	148625.0	153714.0	144753.0	146328.0	139046.0	123987.0	121034.0	121005.0	135046.0	109296.0	114876.0	101283.0	109271.0	91514.0	90463.0	88928.0	116818.0	230177.0
Host_DP05_rep2_clean_1	61180.0	63506.0	66353.0	72324.0	76426.0	89763.0	97322.0	107700.0	108360.0	118887.0	124837.0	132630.0	129423.0	131841.0	132312.0	135256.0	125755.0	119644.0	123248.0	109769.0	120114.0	114628.0	111599.0	101748.0	110789.0	118618.0	175216.0	474800.0
Host_DP05_rep2_clean_2	98147.0	101004.0	106235.0	112359.0	118982.0	130954.0	132398.0	136650.0	143669.0	145408.0	144699.0	149904.0	140574.0	143048.0	133740.0	119488.0	116151.0	116348.0	129338.0	104522.0	109526.0	97498.0	105954.0	88745.0	87760.0	87073.0	115996.0	237878.0
Host_DP05_rep3_clean_1	80877.0	86697.0	91597.0	101190.0	107695.0	127059.0	136993.0	152695.0	152704.0	166779.0	177446.0	185329.0	182075.0	184861.0	185333.0	189048.0	177966.0	167963.0	173330.0	154047.0	167485.0	160712.0	157649.0	142943.0	155125.0	167478.0	247091.0	665305.0
Host_DP05_rep3_clean_2	139410.0	142401.0	149246.0	159221.0	166269.0	182097.0	184045.0	191576.0	201196.0	202404.0	201996.0	208662.0	197617.0	200044.0	187954.0	168445.0	163296.0	165172.0	182514.0	148627.0	155470.0	139135.0	150045.0	125009.0	123992.0	122513.0	160874.0	326242.0
Host_DP12_rep1_clean_1	79603.0	83844.0	88629.0	97725.0	103231.0	122653.0	131760.0	146231.0	146574.0	161457.0	170686.0	179953.0	176139.0	179308.0	180946.0	184794.0	173353.0	164952.0	169990.0	151594.0	167109.0	158278.0	155701.0	142113.0	155688.0	166677.0	248951.0	691497.0
Host_DP12_rep1_clean_2	128504.0	131547.0	137296.0	148423.0	155176.0	173147.0	173377.0	182719.0	192157.0	195366.0	195514.0	203837.0	192778.0	195662.0	185329.0	167139.0	161851.0	164032.0	183226.0	149213.0	157002.0	140767.0	153720.0	128908.0	128133.0	128683.0	170107.0	355823.0
Host_DP12_rep2_clean_1	62499.0	66340.0	69872.0	77918.0	82660.0	97187.0	105014.0	116245.0	117001.0	127657.0	135770.0	141869.0	139523.0	140833.0	142069.0	144312.0	135122.0	127852.0	132751.0	118294.0	129296.0	122938.0	119902.0	109716.0	119144.0	128008.0	189362.0	517607.0
Host_DP12_rep2_clean_2	110348.0	112507.0	117122.0	124919.0	130436.0	143252.0	144055.0	149484.0	156060.0	157963.0	155771.0	160904.0	152002.0	152633.0	144147.0	128027.0	125176.0	125913.0	138741.0	112309.0	117252.0	104154.0	112636.0	94204.0	92256.0	91559.0	119930.0	243001.0
Host_DP12_rep3_clean_1	72201.0	75483.0	78539.0	87164.0	91841.0	108444.0	117595.0	131601.0	132762.0	146171.0	155422.0	163889.0	162027.0	164705.0	166696.0	170487.0	160709.0	152796.0	157674.0	140574.0	154400.0	148005.0	145678.0	132904.0	144791.0	156333.0	232106.0	653445.0
Host_DP12_rep3_clean_2	132824.0	134448.0	139524.0	147435.0	154538.0	168235.0	169514.0	175363.0	185133.0	186429.0	185296.0	190647.0	179762.0	181243.0	171606.0	153039.0	149175.0	149716.0	166053.0	134735.0	140806.0	124784.0	134653.0	111881.0	110086.0	108374.0	141109.0	278034.0
Host_DP15_rep1_clean_1	66469.0	69526.0	72676.0	80383.0	84408.0	100086.0	108393.0	119949.0	121065.0	133586.0	141702.0	149493.0	147066.0	149691.0	151148.0	154194.0	145143.0	137874.0	141595.0	127315.0	138701.0	132681.0	130644.0	119747.0	130116.0	140342.0	207367.0	570591.0
Host_DP15_rep1_clean_2	119853.0	121073.0	126166.0	134709.0	140196.0	153189.0	153813.0	159503.0	167241.0	167959.0	166997.0	171772.0	162760.0	163575.0	153316.0	138276.0	134100.0	134600.0	148983.0	120789.0	126448.0	112316.0	119991.0	100570.0	98535.0	97275.0	126908.0	251038.0
Host_DP15_rep2_clean_1	85730.0	90674.0	95867.0	106003.0	111668.0	132452.0	143815.0	160370.0	161753.0	176828.0	189132.0	197889.0	195344.0	198155.0	200100.0	203480.0	190319.0	181490.0	186241.0	165727.0	181786.0	173580.0	170014.0	156149.0	168179.0	181739.0	268536.0	731483.0
Host_DP15_rep2_clean_2	161827.0	164212.0	171319.0	181205.0	186840.0	203673.0	204402.0	210307.0	221111.0	220452.0	218802.0	224540.0	212901.0	214072.0	200878.0	179953.0	174383.0	174961.0	193884.0	156600.0	162880.0	144744.0	155660.0	130096.0	127627.0	126059.0	162856.0	318259.0
Host_DP15_rep3_clean_1	80546.0	85256.0	89725.0	99370.0	105308.0	123999.0	135665.0	151327.0	153121.0	168289.0	180363.0	189418.0	188307.0	190092.0	192434.0	196772.0	185502.0	175824.0	180927.0	162768.0	177940.0	171439.0	167582.0	154003.0	167176.0	181005.0	270078.0	747611.0
Host_DP15_rep3_clean_2	153689.0	155927.0	162799.0	172830.0	180768.0	195599.0	197562.0	204277.0	216097.0	215582.0	213464.0	218703.0	208305.0	208890.0	197465.0	175797.0	170473.0	172177.0	189471.0	153366.0	160543.0	142313.0	153280.0	127842.0	126037.0	124216.0	159552.0	314823.0
Host_Mix_rep1_clean_1	101674.0	105632.0	110452.0	121322.0	128524.0	152049.0	164392.0	184003.0	185685.0	203014.0	216193.0	226634.0	225057.0	227555.0	228792.0	233493.0	220036.0	208917.0	214678.0	192828.0	210731.0	201357.0	196999.0	179648.0	195795.0	211716.0	314044.0	876837.0
Host_Mix_rep1_clean_2	176488.0	179493.0	188544.0	199798.0	209461.0	229532.0	231181.0	240978.0	253744.0	254739.0	252544.0	260339.0	246084.0	249284.0	233239.0	209735.0	203833.0	206169.0	226338.0	184555.0	192512.0	170751.0	184540.0	155476.0	153423.0	151388.0	198104.0	395785.0
Host_Mix_rep2_clean_1	73184.0	82500.0	91572.0	103551.0	112811.0	133101.0	145407.0	158447.0	157804.0	167999.0	175554.0	177867.0	168373.0	165992.0	163691.0	163908.0	147762.0	138593.0	136788.0	120218.0	126682.0	116284.0	110364.0	97927.0	102522.0	105916.0	146805.0	314763.0
Host_Mix_rep2_clean_2	249255.0	241527.0	237717.0	234138.0	228234.0	226967.0	214152.0	204857.0	201589.0	187042.0	174461.0	165455.0	147768.0	142107.0	125622.0	109655.0	101215.0	96527.0	98526.0	76428.0	74381.0	63047.0	62150.0	48548.0	43801.0	39733.0	44837.0	66646.0
Host_Mix_rep3_clean_1	82790.0	88055.0	92404.0	101651.0	108456.0	126979.0	138351.0	154270.0	155863.0	169619.0	182187.0	190207.0	188330.0	190674.0	191523.0	194824.0	182901.0	173946.0	178331.0	160127.0	173861.0	167032.0	162441.0	148127.0	162218.0	174749.0	258546.0	705351.0
Host_Mix_rep3_clean_2	169439.0	170145.0	174164.0	182463.0	187078.0	201766.0	199809.0	206247.0	215679.0	214315.0	210883.0	216018.0	203291.0	203817.0	190776.0	170802.0	165323.0	165801.0	182315.0	147803.0	152563.0	136090.0	145403.0	120338.0	118972.0	115031.0	150171.0	287311.0
Phage_Bill_rep1_clean_1	68347.0	70047.0	73201.0	79201.0	83465.0	98594.0	107260.0	119005.0	121562.0	132000.0	142283.0	148233.0	147343.0	148541.0	150802.0	153217.0	143660.0	136079.0	140242.0	124628.0	137457.0	130632.0	127597.0	117398.0	127053.0	137038.0	204741.0	545694.0
Phage_Bill_rep1_clean_2	86296.0	91946.0	100060.0	110295.0	117727.0	132330.0	135947.0	143610.0	154801.0	157876.0	159766.0	165980.0	159424.0	161547.0	154599.0	138821.0	136614.0	139051.0	155971.0	128389.0	136542.0	122287.0	133007.0	113714.0	113554.0	112822.0	152119.0	300225.0
Phage_Bill_rep2_clean_1	52862.0	54906.0	57972.0	62828.0	66399.0	78159.0	86072.0	96834.0	99316.0	107116.0	118094.0	124781.0	126933.0	127499.0	130697.0	131840.0	124954.0	117793.0	123420.0	110234.0	122385.0	117161.0	115794.0	107647.0	118051.0	131124.0	201841.0	568715.0
Phage_Bill_rep2_clean_2	91418.0	96251.0	101719.0	108271.0	114101.0	125430.0	126684.0	131165.0	140257.0	139474.0	140950.0	144866.0	139266.0	139356.0	133062.0	116120.0	114887.0	115688.0	130475.0	104810.0	112358.0	100075.0	111246.0	95159.0	95854.0	97387.0	135447.0	279651.0
Phage_Bill_rep3_clean_1	70895.0	74131.0	78442.0	85299.0	89788.0	105798.0	116903.0	130501.0	135070.0	146770.0	162473.0	171692.0	176673.0	177720.0	183199.0	185204.0	176398.0	167708.0	176709.0	158355.0	176673.0	171981.0	170065.0	158810.0	173879.0	195845.0	308448.0	902949.0
Phage_Bill_rep3_clean_2	127718.0	133996.0	142215.0	152519.0	161185.0	175089.0	179770.0	186229.0	199837.0	200774.0	202378.0	209653.0	201146.0	201449.0	193182.0	171382.0	167589.0	171483.0	192284.0	156588.0	167014.0	150425.0	165004.0	141400.0	141040.0	143750.0	195241.0	398038.0
Phage_Bob_rep1_clean_1	70115.0	72678.0	76013.0	82778.0	88335.0	102794.0	112525.0	125622.0	129062.0	139638.0	150988.0	158958.0	160214.0	161883.0	165152.0	167960.0	158209.0	151366.0	156436.0	141734.0	155493.0	151501.0	147795.0	136316.0	149695.0	164175.0	248060.0	712253.0
Phage_Bob_rep1_clean_2	79955.0	86070.0	95930.0	107226.0	118759.0	136469.0	142803.0	153131.0	167569.0	172226.0	176876.0	186813.0	181419.0	183405.0	177629.0	159885.0	158241.0	161990.0	182025.0	152090.0	160526.0	146130.0	159115.0	137103.0	136620.0	139692.0	188670.0	389381.0
Phage_Bob_rep2_clean_1	78802.0	81805.0	85930.0	93508.0	99346.0	115323.0	127923.0	141218.0	144887.0	157392.0	169306.0	178035.0	179451.0	179551.0	183703.0	187271.0	175734.0	168522.0	173597.0	156178.0	170899.0	165339.0	161406.0	149292.0	161839.0	177468.0	267611.0	749577.0
Phage_Bob_rep2_clean_2	100216.0	107603.0	118580.0	131823.0	143889.0	162251.0	169088.0	179379.0	193571.0	196835.0	200712.0	209327.0	202043.0	204447.0	194660.0	175920.0	171620.0	175313.0	195782.0	161469.0	169821.0	152728.0	166301.0	142136.0	141056.0	142860.0	189697.0	381786.0
Phage_Bob_rep3_clean_1	72281.0	74869.0	77236.0	84340.0	89641.0	104987.0	116262.0	129337.0	133780.0	146670.0	158780.0	167416.0	168800.0	170243.0	173877.0	177459.0	168209.0	161057.0	166609.0	149924.0	166132.0	160465.0	156586.0	145387.0	159424.0	173657.0	261033.0	749178.0
Phage_Bob_rep3_clean_2	97840.0	104065.0	114614.0	126554.0	138360.0	154727.0	162309.0	171636.0	185905.0	189153.0	192953.0	200509.0	193249.0	195322.0	187775.0	169394.0	165223.0	169197.0	188407.0	156271.0	164535.0	148024.0	159491.0	135213.0	133908.0	135319.0	177093.0	346593.0
Phage_CCS4_rep1_clean_1	75609.0	78618.0	80089.0	87476.0	93346.0	107932.0	118809.0	132236.0	135428.0	148894.0	159762.0	168332.0	170045.0	172022.0	175243.0	177856.0	168844.0	161016.0	167084.0	150762.0	164925.0	160645.0	157632.0	145156.0	160389.0	174840.0	264992.0	741737.0
Phage_CCS4_rep1_clean_2	110305.0	117255.0	126682.0	138029.0	148786.0	165302.0	169550.0	177195.0	190774.0	194409.0	194596.0	202347.0	192810.0	195642.0	186222.0	166697.0	162076.0	165883.0	185261.0	151706.0	158948.0	143157.0	154685.0	129957.0	129658.0	129780.0	173573.0	338434.0
Phage_CCS4_rep2_clean_1	57887.0	59954.0	61180.0	66108.0	70088.0	82469.0	89903.0	99828.0	101772.0	111547.0	118908.0	125251.0	125873.0	127454.0	128541.0	130823.0	123915.0	118731.0	122441.0	110422.0	120537.0	116208.0	115445.0	105614.0	115976.0	126481.0	190106.0	527087.0
Phage_CCS4_rep2_clean_2	76534.0	80977.0	87963.0	95786.0	103470.0	116004.0	119668.0	125378.0	136293.0	138813.0	140472.0	145796.0	139836.0	143043.0	136683.0	122272.0	121002.0	122988.0	137688.0	113183.0	119763.0	107889.0	117438.0	100020.0	100070.0	100250.0	134874.0	266396.0
Phage_CCS4_rep3_clean_1	67063.0	70610.0	72955.0	79697.0	84614.0	99544.0	108759.0	121412.0	124225.0	136448.0	147316.0	154598.0	155850.0	158611.0	161676.0	163825.0	155290.0	148797.0	153652.0	138969.0	152642.0	146802.0	145663.0	134380.0	146943.0	160805.0	243695.0	682626.0
Phage_CCS4_rep3_clean_2	113599.0	118829.0	128068.0	137221.0	145253.0	160469.0	163776.0	169401.0	180718.0	182560.0	182138.0	187419.0	177430.0	179235.0	169822.0	152014.0	148141.0	150013.0	165905.0	135917.0	141489.0	126745.0	135893.0	113748.0	112903.0	111950.0	147357.0	279454.0
Phage_Car_rep1_clean_1	69599.0	71991.0	73650.0	80437.0	86229.0	101121.0	110279.0	123507.0	126270.0	137762.0	149851.0	157688.0	159696.0	159727.0	163888.0	166621.0	158058.0	151120.0	157065.0	141654.0	155122.0	151030.0	148287.0	136779.0	148624.0	163688.0	247919.0	713054.0
Phage_Car_rep1_clean_2	91438.0	97673.0	107746.0	119097.0	129772.0	145736.0	152985.0	162188.0	175600.0	178098.0	181849.0	189506.0	182144.0	183350.0	176801.0	158517.0	154949.0	158582.0	178135.0	146672.0	154114.0	139587.0	150615.0	128187.0	126221.0	129204.0	170348.0	341602.0
Phage_Car_rep2_clean_1	61452.0	63458.0	65923.0	72872.0	77935.0	91533.0	100838.0	113591.0	116043.0	126976.0	138471.0	145017.0	146378.0	147530.0	150837.0	153900.0	145455.0	139048.0	144400.0	128488.0	142166.0	138743.0	136315.0	126409.0	137061.0	151053.0	228732.0	656525.0
Phage_Car_rep2_clean_2	84043.0	90502.0	99701.0	110375.0	120545.0	136208.0	141316.0	149881.0	162514.0	165623.0	167967.0	174689.0	168161.0	169542.0	163524.0	145456.0	142862.0	145966.0	162678.0	133025.0	140470.0	126560.0	137007.0	116214.0	114881.0	116246.0	153605.0	307588.0
Phage_Car_rep3_clean_1	66133.0	68805.0	72091.0	79174.0	84405.0	100304.0	110190.0	123928.0	126508.0	139518.0	151493.0	158989.0	160638.0	162141.0	165056.0	169428.0	160303.0	152534.0	158095.0	143426.0	157416.0	153070.0	150905.0	138636.0	151514.0	166960.0	252774.0	725798.0
Phage_Car_rep3_clean_2	93087.0	100310.0	110057.0	121876.0	133319.0	150412.0	155759.0	165686.0	179371.0	182635.0	186596.0	192929.0	185957.0	186910.0	179463.0	160045.0	157047.0	160101.0	178551.0	145624.0	153481.0	138627.0	149683.0	127210.0	126069.0	127386.0	166681.0	335360.0
Phage_Cousins_rep1_clean_1	71715.0	75060.0	76782.0	83821.0	89421.0	105822.0	115622.0	129326.0	131703.0	145528.0	156921.0	164566.0	166487.0	168394.0	172834.0	174549.0	165795.0	158262.0	165140.0	147269.0	163688.0	157426.0	155139.0	142422.0	156514.0	171557.0	260657.0	746865.0
Phage_Cousins_rep1_clean_2	96745.0	103751.0	113620.0	125172.0	136610.0	155020.0	159580.0	169052.0	182372.0	186136.0	189003.0	197993.0	189785.0	192673.0	183715.0	164654.0	162099.0	164525.0	184800.0	151382.0	161362.0	144303.0	157876.0	133875.0	132426.0	134464.0	179628.0	366664.0
Phage_Cousins_rep2_clean_1	41547.0	41312.0	42279.0	46790.0	48978.0	60150.0	63274.0	72952.0	72164.0	80543.0	84871.0	89329.0	88184.0	88870.0	91994.0	91454.0	87983.0	81934.0	87499.0	76154.0	84773.0	78917.0	79164.0	69241.0	76721.0	79427.0	115382.0	312464.0
Phage_Cousins_rep2_clean_2	31068.0	34342.0	39857.0	47511.0	53656.0	67079.0	70511.0	80262.0	86347.0	92523.0	94757.0	101851.0	99462.0	101188.0	100321.0	88738.0	90259.0	89976.0	103650.0	84097.0	91921.0	80746.0	89501.0	74103.0	75085.0	73684.0	96134.0	195721.0
Phage_Cousins_rep3_clean_1	62067.0	65642.0	68476.0	75386.0	80022.0	95756.0	104291.0	117837.0	119875.0	132292.0	144207.0	151778.0	153361.0	155148.0	159515.0	162173.0	154123.0	146132.0	152877.0	136412.0	151940.0	145696.0	143914.0	131579.0	144864.0	158750.0	239926.0	688118.0
Phage_Cousins_rep3_clean_2	98878.0	104550.0	112377.0	123355.0	132436.0	148630.0	151925.0	159355.0	171836.0	175013.0	175961.0	183187.0	174668.0	176660.0	169868.0	151351.0	148252.0	150258.0	169039.0	136994.0	145312.0	130075.0	140452.0	117866.0	117428.0	117112.0	153350.0	305969.0
Phage_DP15_C1I_T20_clean_1	71086.0	75581.0	80154.0	87709.0	92853.0	108726.0	119638.0	133373.0	136551.0	147562.0	159676.0	166475.0	167164.0	167203.0	171290.0	172950.0	163391.0	154345.0	160064.0	141898.0	157457.0	148983.0	146998.0	134092.0	147175.0	158731.0	236700.0	639705.0
Phage_DP15_C1I_T20_clean_2	109280.0	113602.0	121155.0	130056.0	137703.0	151988.0	156389.0	162618.0	175797.0	177566.0	178779.0	186011.0	179891.0	180989.0	173757.0	154334.0	153205.0	154683.0	175833.0	141635.0	151828.0	135206.0	147859.0	125307.0	126048.0	126269.0	169390.0	350352.0
Phage_DP15_C1M_T20_clean_1	76117.0	79024.0	81737.0	88415.0	92463.0	108102.0	118682.0	131701.0	135432.0	147852.0	161307.0	169262.0	171294.0	172720.0	177609.0	180244.0	170520.0	161772.0	168355.0	151294.0	167507.0	161053.0	158644.0	145416.0	159958.0	175649.0	264084.0	739297.0
Phage_DP15_C1M_T20_clean_2	102848.0	110333.0	120240.0	133175.0	144451.0	161363.0	167248.0	175998.0	190321.0	192645.0	195661.0	202699.0	195369.0	197214.0	189341.0	168078.0	165227.0	167522.0	187929.0	152077.0	161663.0	143106.0	157387.0	132928.0	132629.0	132076.0	177753.0	358229.0
Phage_DP15_C2I_T20_clean_1	72851.0	78042.0	80865.0	87962.0	93658.0	108001.0	120061.0	133403.0	137596.0	149315.0	164127.0	171951.0	173431.0	175048.0	179005.0	182307.0	173299.0	163715.0	169846.0	151010.0	168250.0	161901.0	159530.0	147281.0	160726.0	176233.0	263463.0	733265.0
Phage_DP15_C2I_T20_clean_2	147191.0	149514.0	157291.0	164257.0	171153.0	182340.0	184931.0	188172.0	201468.0	198209.0	198434.0	201706.0	191935.0	192659.0	182152.0	161496.0	158001.0	158354.0	176853.0	142110.0	149197.0	131567.0	142416.0	119323.0	117947.0	116351.0	152738.0	298377.0
Phage_DP15_C2M_T20_clean_1	69470.0	73013.0	76959.0	82443.0	88112.0	103171.0	113632.0	127008.0	131155.0	142548.0	156106.0	163504.0	166087.0	165306.0	170542.0	172082.0	163808.0	154423.0	161843.0	143201.0	159780.0	152488.0	150318.0	137313.0	152046.0	166226.0	252605.0	699978.0
Phage_DP15_C2M_T20_clean_2	124173.0	129760.0	136313.0	145775.0	153096.0	164521.0	168269.0	172809.0	185706.0	184128.0	185264.0	189878.0	183185.0	181829.0	174839.0	153464.0	151290.0	152691.0	171819.0	138353.0	145819.0	129809.0	142130.0	118855.0	118700.0	119195.0	157510.0	315987.0
Phage_DP15_C3I_T20_clean_1	49219.0	50865.0	51624.0	54541.0	56356.0	65493.0	71749.0	79390.0	81599.0	89783.0	98017.0	104121.0	105599.0	107168.0	110870.0	112039.0	107778.0	102342.0	107963.0	96098.0	107559.0	103645.0	102901.0	94782.0	105093.0	116072.0	175949.0	511744.0
Phage_DP15_C3I_T20_clean_2	60893.0	65664.0	73225.0	81856.0	89233.0	100309.0	105728.0	111251.0	122152.0	123904.0	127054.0	132239.0	127049.0	128979.0	123483.0	109975.0	109112.0	109683.0	124307.0	99436.0	106079.0	94921.0	102686.0	85984.0	85467.0	85307.0	112809.0	221574.0
Phage_DP15_C3M_T20_clean_1	52431.0	56036.0	59339.0	64834.0	69174.0	79998.0	89734.0	99782.0	103945.0	113099.0	125312.0	131365.0	133029.0	133995.0	136970.0	140515.0	132354.0	126544.0	130739.0	117578.0	130344.0	125313.0	124302.0	114352.0	126362.0	138578.0	212601.0	589149.0
Phage_DP15_C3M_T20_clean_2	115001.0	118938.0	124195.0	131089.0	136622.0	144706.0	146476.0	147119.0	157943.0	154441.0	154600.0	156313.0	148513.0	147882.0	140044.0	123107.0	120879.0	121182.0	134160.0	108395.0	113110.0	100511.0	107994.0	90341.0	88822.0	88270.0	114978.0	222143.0
Phage_DP15_S1I_T20_clean_1	83426.0	87236.0	90569.0	99443.0	104511.0	122730.0	134691.0	150803.0	154563.0	169104.0	183473.0	192839.0	193765.0	195915.0	200256.0	203582.0	192800.0	182488.0	190234.0	169433.0	188576.0	180037.0	177905.0	163497.0	178368.0	195297.0	293359.0	818008.0
Phage_DP15_S1I_T20_clean_2	146651.0	151436.0	159595.0	170668.0	178722.0	195252.0	196784.0	205276.0	218525.0	218825.0	219944.0	225891.0	217045.0	216733.0	206917.0	183079.0	180190.0	181282.0	203695.0	163607.0	173717.0	153424.0	167882.0	139891.0	138424.0	138431.0	182054.0	362968.0
Phage_DP15_S1M_T20_clean_1	52106.0	55224.0	58212.0	63842.0	68034.0	79212.0	88207.0	98291.0	101628.0	111059.0	121526.0	127836.0	129378.0	129655.0	133394.0	135391.0	128769.0	121234.0	126397.0	113328.0	125643.0	121375.0	119257.0	109543.0	120176.0	132428.0	201195.0	559623.0
Phage_DP15_S1M_T20_clean_2	126521.0	129487.0	133872.0	139058.0	142913.0	148834.0	149228.0	149330.0	157756.0	153513.0	152172.0	151686.0	143285.0	141608.0	134029.0	117476.0	113947.0	112967.0	125390.0	100080.0	104592.0	91289.0	97516.0	80437.0	78401.0	77113.0	97844.0	181619.0
Phage_DP15_S2I_T20_clean_1	70150.0	75551.0	78919.0	86309.0	92417.0	107081.0	118835.0	131431.0	135551.0	148309.0	160639.0	168232.0	168449.0	169459.0	172547.0	176092.0	165546.0	157234.0	162866.0	144790.0	159611.0	152052.0	150014.0	136939.0	149706.0	163302.0	244711.0	660611.0
Phage_DP15_S2I_T20_clean_2	146485.0	149741.0	156169.0	163750.0	168435.0	179725.0	180584.0	182221.0	194657.0	191094.0	190737.0	193284.0	183578.0	182304.0	172405.0	152086.0	147998.0	148693.0	165371.0	132489.0	138883.0	122570.0	132881.0	109974.0	108396.0	106476.0	138466.0	267901.0
Phage_DP15_S2M_T20_clean_1	65658.0	68439.0	71003.0	77108.0	81374.0	94878.0	103930.0	116500.0	118195.0	130220.0	140187.0	146821.0	147717.0	148481.0	152791.0	154456.0	146138.0	137758.0	143883.0	127476.0	142495.0	136254.0	134244.0	122671.0	134400.0	146694.0	220140.0	611878.0
Phage_DP15_S2M_T20_clean_2	110868.0	113407.0	119240.0	126730.0	132929.0	145596.0	146972.0	152931.0	163561.0	163364.0	164720.0	169513.0	163223.0	163139.0	157342.0	138673.0	136780.0	137221.0	156358.0	125498.0	134265.0	117680.0	129650.0	108324.0	108085.0	107605.0	142842.0	285273.0
Phage_DP15_S3I_T20_clean_1	57155.0	60361.0	62667.0	67881.0	72262.0	83663.0	93573.0	103245.0	105598.0	114746.0	124272.0	130084.0	130407.0	129972.0	132693.0	133853.0	126835.0	119428.0	123431.0	108957.0	121207.0	114966.0	113019.0	103307.0	113495.0	122678.0	183542.0	491922.0
Phage_DP15_S3I_T20_clean_2	97019.0	99772.0	105012.0	111023.0	116973.0	126550.0	127823.0	132618.0	141558.0	141042.0	140906.0	146044.0	140005.0	139312.0	132400.0	116301.0	115035.0	114573.0	129658.0	104446.0	110505.0	97801.0	108099.0	91198.0	91325.0	91883.0	122277.0	254061.0
Phage_DP15_S3M_T20_clean_1	86597.0	93276.0	99324.0	107905.0	114554.0	132924.0	148290.0	162476.0	168932.0	181606.0	198914.0	208620.0	209960.0	210597.0	215197.0	219278.0	206487.0	195553.0	202976.0	181128.0	200557.0	191821.0	189664.0	175035.0	190325.0	210633.0	317348.0	869021.0
Phage_DP15_S3M_T20_clean_2	166475.0	172961.0	181765.0	192169.0	201703.0	215230.0	218440.0	222647.0	238757.0	236290.0	236896.0	241018.0	230503.0	230592.0	217795.0	193156.0	188963.0	190414.0	211541.0	171898.0	180551.0	160474.0	174705.0	146220.0	144963.0	145716.0	191422.0	385734.0
Phage_Sisters_rep1_clean_1	69390.0	72237.0	75137.0	80742.0	86359.0	100616.0	110132.0	123777.0	127082.0	139159.0	151819.0	159522.0	161157.0	162926.0	167763.0	170578.0	162599.0	154054.0	160056.0	143882.0	160139.0	153511.0	151702.0	139699.0	152542.0	167949.0	252598.0	717477.0
Phage_Sisters_rep1_clean_2	81193.0	90177.0	101259.0	114017.0	126320.0	143538.0	151255.0	160781.0	176021.0	179848.0	183134.0	191951.0	185436.0	188709.0	181572.0	162726.0	160260.0	163486.0	183877.0	150749.0	159703.0	144205.0	156530.0	133451.0	132771.0	133635.0	177647.0	360353.0
Phage_Sisters_rep2_clean_1	62825.0	65729.0	68886.0	74426.0	79023.0	91969.0	100756.0	112635.0	115571.0	125794.0	137134.0	144053.0	146702.0	147460.0	150587.0	153145.0	145770.0	137758.0	144622.0	129183.0	143123.0	138587.0	137532.0	125939.0	138098.0	151703.0	231490.0	661652.0
Phage_Sisters_rep2_clean_2	80412.0	86807.0	96216.0	106950.0	116352.0	131709.0	137305.0	145544.0	158130.0	160944.0	164681.0	172204.0	166934.0	168586.0	162154.0	144404.0	142898.0	144450.0	163667.0	133258.0	141710.0	127519.0	140662.0	119614.0	120002.0	122419.0	165652.0	340969.0
Phage_Sisters_rep3_clean_1	64937.0	67210.0	68899.0	74884.0	79542.0	92068.0	101591.0	114399.0	118024.0	129519.0	143387.0	150932.0	154236.0	155916.0	160382.0	164024.0	156520.0	149374.0	155538.0	139427.0	156013.0	151344.0	150285.0	138789.0	152611.0	168249.0	259026.0	758988.0
Phage_Sisters_rep3_clean_2	89541.0	96336.0	105514.0	116587.0	126121.0	142068.0	147883.0	156707.0	170960.0	174264.0	177050.0	185233.0	180120.0	181446.0	174572.0	155778.0	155063.0	157618.0	177557.0	145375.0	155052.0	139111.0	151176.0	129160.0	128617.0	130161.0	175102.0	351942.0
Phage_Ump_rep1_clean_1	47868.0	49843.0	50078.0	56440.0	57897.0	68878.0	74246.0	82564.0	82795.0	90640.0	98212.0	103943.0	105129.0	106956.0	108886.0	110600.0	104337.0	98758.0	103309.0	91489.0	102512.0	98013.0	96826.0	88501.0	97715.0	107401.0	165868.0	503545.0
Phage_Ump_rep1_clean_2	65418.0	68459.0	73163.0	81785.0	85912.0	98225.0	99991.0	106403.0	114170.0	115158.0	117219.0	123090.0	117805.0	120542.0	114646.0	102542.0	99063.0	101391.0	114189.0	92853.0	100036.0	88640.0	100189.0	84505.0	86322.0	87844.0	124345.0	269344.0
Phage_Ump_rep2_clean_1	41080.0	42556.0	43507.0	48336.0	50232.0	59777.0	64126.0	71797.0	72766.0	78560.0	85548.0	90069.0	90734.0	92095.0	93966.0	94863.0	89388.0	84820.0	87376.0	77592.0	86407.0	82230.0	81191.0	74018.0	81328.0	89544.0	138405.0	409781.0
Phage_Ump_rep2_clean_2	56549.0	60687.0	64954.0	71496.0	76192.0	85547.0	87490.0	92768.0	98669.0	99213.0	100880.0	105153.0	100922.0	102629.0	96938.0	86261.0	83262.0	83712.0	94791.0	76197.0	81687.0	72000.0	81961.0	69110.0	70216.0	71893.0	101802.0	229113.0
Phage_Ump_rep3_clean_1	62312.0	66109.0	67662.0	76186.0	77661.0	92652.0	100662.0	111893.0	113624.0	124068.0	134969.0	143383.0	146494.0	148148.0	152561.0	152865.0	145070.0	137523.0	144417.0	128027.0	143185.0	137214.0	136634.0	125187.0	138746.0	153794.0	242655.0	732643.0
Phage_Ump_rep3_clean_2	95130.0	100684.0	107044.0	118363.0	123756.0	139475.0	142653.0	149674.0	161905.0	162364.0	164844.0	172278.0	165495.0	168290.0	160173.0	141625.0	136945.0	140164.0	158417.0	126941.0	137037.0	121847.0	138260.0	116849.0	118567.0	121455.0	171026.0	375083.0
S1I_T01_clean_1	86631.0	95217.0	103197.0	112359.0	120173.0	136839.0	147183.0	154269.0	151226.0	156858.0	160535.0	157880.0	147156.0	141392.0	138498.0	135754.0	121937.0	112181.0	109543.0	94191.0	98142.0	87784.0	82106.0	72122.0	74218.0	75077.0	103295.0	193690.0
S1I_T01_clean_2	76082.0	83536.0	90596.0	100333.0	107805.0	120561.0	124642.0	129810.0	139305.0	141582.0	142187.0	146558.0	140530.0	140790.0	134393.0	120325.0	117597.0	118776.0	132135.0	107813.0	113616.0	100725.0	109897.0	92417.0	90895.0	90353.0	118750.0	237444.0
S1I_T02_clean_1	75155.0	78087.0	81380.0	88896.0	94567.0	111159.0	121186.0	135392.0	138369.0	152597.0	165533.0	174520.0	175402.0	177599.0	181675.0	185170.0	174895.0	166233.0	173238.0	155094.0	171686.0	165868.0	163047.0	149329.0	164966.0	179786.0	273382.0	772298.0
S1I_T02_clean_2	116395.0	123272.0	133951.0	146329.0	156730.0	175198.0	178488.0	186622.0	201841.0	201440.0	203445.0	210422.0	200011.0	202573.0	193417.0	171260.0	166975.0	169987.0	189032.0	154232.0	161249.0	144578.0	155990.0	131624.0	129913.0	130228.0	170803.0	340504.0
S1I_T03_clean_1	66622.0	69923.0	73285.0	79701.0	84511.0	100930.0	110302.0	123684.0	125570.0	138337.0	149822.0	158540.0	157987.0	159365.0	162865.0	166045.0	157177.0	148107.0	154365.0	137432.0	152876.0	146453.0	143673.0	132527.0	145676.0	157576.0	240437.0	669970.0
S1I_T03_clean_2	110380.0	115066.0	123083.0	132367.0	140952.0	155901.0	158753.0	165597.0	176339.0	178141.0	179275.0	185682.0	176090.0	177468.0	169524.0	150829.0	147944.0	149459.0	167130.0	136217.0	142522.0	128004.0	138443.0	116918.0	115661.0	116519.0	153043.0	306451.0
S1I_T04_clean_1	15261.0	15244.0	15869.0	17870.0	18873.0	24120.0	24758.0	28954.0	27841.0	30911.0	31299.0	32368.0	31222.0	30675.0	30984.0	29802.0	28643.0	25742.0	27071.0	22513.0	25037.0	22249.0	22019.0	18924.0	20136.0	20158.0	27993.0	72217.0
S1I_T04_clean_2	8164.0	9379.0	11506.0	14527.0	16732.0	23308.0	24251.0	28759.0	29832.0	33164.0	32929.0	35385.0	33831.0	34057.0	33699.0	29408.0	30097.0	28341.0	32607.0	25427.0	27519.0	23794.0	26375.0	21347.0	21637.0	20367.0	27035.0	55276.0
S1I_T05_clean_1	39736.0	39644.0	40148.0	43665.0	45909.0	55740.0	58622.0	67835.0	67143.0	75818.0	78609.0	82609.0	81355.0	82455.0	84553.0	83478.0	81270.0	74882.0	79648.0	69307.0	77230.0	71557.0	71481.0	62707.0	69100.0	70691.0	103458.0	283696.0
S1I_T05_clean_2	28076.0	31389.0	37334.0	44296.0	51035.0	64029.0	66556.0	76368.0	83054.0	88955.0	90216.0	96474.0	93881.0	95356.0	93300.0	83369.0	83633.0	83836.0	95208.0	76138.0	82750.0	72477.0	79940.0	66255.0	66234.0	63815.0	83159.0	165213.0
S1I_T10_clean_1	49752.0	49699.0	50291.0	53931.0	56325.0	67320.0	71584.0	81302.0	81106.0	89596.0	96314.0	101400.0	101933.0	103031.0	106403.0	106709.0	103111.0	95987.0	102390.0	89581.0	101654.0	96245.0	95878.0	86264.0	96055.0	102690.0	154229.0	447930.0
S1I_T10_clean_2	42580.0	46012.0	52378.0	60082.0	67684.0	81895.0	85579.0	95526.0	104419.0	110552.0	112731.0	121678.0	117572.0	120374.0	117986.0	105388.0	106392.0	107547.0	123725.0	101043.0	109142.0	96782.0	107691.0	91058.0	91900.0	90956.0	121719.0	248319.0
S1I_T15_clean_1	82671.0	86635.0	89957.0	98004.0	103442.0	121592.0	134120.0	148606.0	153619.0	168508.0	182893.0	190967.0	192665.0	193579.0	197707.0	201570.0	189665.0	179955.0	185751.0	166665.0	183857.0	177508.0	173311.0	159131.0	174066.0	190151.0	284729.0	787229.0
S1I_T15_clean_2	131783.0	138982.0	149247.0	161291.0	172336.0	189247.0	193662.0	201772.0	217373.0	217630.0	219601.0	225706.0	216360.0	216952.0	206060.0	183738.0	178367.0	180659.0	201945.0	164172.0	172545.0	153607.0	165808.0	139630.0	136844.0	136422.0	177765.0	349049.0
S1I_T20_clean_1	75667.0	79904.0	84472.0	92938.0	99059.0	117524.0	127739.0	142473.0	144342.0	157293.0	167853.0	174588.0	171600.0	171416.0	174401.0	174396.0	163971.0	154346.0	158957.0	140381.0	153858.0	145521.0	141672.0	129191.0	139066.0	148197.0	217263.0	556870.0
S1I_T20_clean_2	120846.0	126409.0	135550.0	146892.0	155463.0	171626.0	172785.0	179834.0	189763.0	190561.0	188887.0	194769.0	184118.0	183597.0	173541.0	154448.0	150086.0	150715.0	167565.0	135647.0	140635.0	125183.0	133086.0	112500.0	109242.0	107631.0	138773.0	264806.0
S1M_T01_clean_1	49613.0	56364.0	61698.0	68268.0	72900.0	84638.0	90817.0	96196.0	95988.0	100775.0	103867.0	103597.0	97904.0	94946.0	93527.0	93006.0	83872.0	77512.0	77164.0	66315.0	70084.0	63510.0	60142.0	53409.0	55315.0	56780.0	78109.0	158713.0
S1M_T01_clean_2	40413.0	45281.0	50755.0	57142.0	62982.0	71767.0	74943.0	80175.0	86821.0	89349.0	90980.0	96187.0	93366.0	94294.0	91459.0	82263.0	81223.0	82632.0	93175.0	76582.0	82140.0	73378.0	80649.0	68478.0	68261.0	69216.0	92887.0	188231.0
S1M_T02_clean_1	50812.0	53143.0	56365.0	62203.0	66218.0	78843.0	84985.0	94885.0	96957.0	106829.0	113926.0	120123.0	119596.0	121875.0	124187.0	126028.0	119015.0	113273.0	118216.0	105869.0	117308.0	113010.0	111259.0	102162.0	111437.0	121296.0	183608.0	521294.0
S1M_T02_clean_2	71998.0	76028.0	81584.0	89496.0	95969.0	109121.0	111963.0	119640.0	128202.0	132584.0	133512.0	140069.0	134484.0	136915.0	131350.0	117364.0	116166.0	117604.0	132204.0	108426.0	116172.0	104405.0	113986.0	97319.0	97061.0	98400.0	132235.0	270465.0
S1M_T03_clean_1	44740.0	47818.0	50252.0	55173.0	58894.0	70391.0	76721.0	85407.0	86582.0	94865.0	101895.0	107391.0	106681.0	107828.0	110321.0	112023.0	105483.0	100508.0	103794.0	93175.0	102619.0	98026.0	97308.0	89094.0	96755.0	105306.0	158969.0	442640.0
S1M_T03_clean_2	66517.0	68953.0	73458.0	80404.0	85469.0	95556.0	98544.0	104655.0	111542.0	114435.0	115367.0	121062.0	116908.0	118949.0	113210.0	102757.0	100853.0	102505.0	115396.0	95455.0	101037.0	91097.0	100466.0	85228.0	85380.0	86571.0	117449.0	241436.0
S1M_T04_clean_1	44769.0	48596.0	50935.0	56115.0	58852.0	68990.0	73855.0	81123.0	81328.0	87040.0	92183.0	94328.0	92780.0	91765.0	93078.0	93775.0	87867.0	82695.0	84302.0	75187.0	82230.0	77731.0	75673.0	68949.0	74225.0	79285.0	116578.0	308004.0
S1M_T04_clean_2	44858.0	48744.0	54453.0	60754.0	66666.0	76790.0	79446.0	85335.0	92097.0	95151.0	96315.0	102041.0	98909.0	99456.0	96336.0	86754.0	85195.0	86762.0	98604.0	80789.0	86482.0	77439.0	85895.0	72899.0	73518.0	75122.0	102167.0	213261.0
S1M_T05_clean_1	38164.0	40767.0	43021.0	46866.0	50159.0	58931.0	65660.0	73043.0	74461.0	82108.0	88394.0	92578.0	92748.0	94388.0	96441.0	97275.0	91855.0	87414.0	90674.0	81304.0	89417.0	86225.0	84659.0	77833.0	84821.0	92082.0	139679.0	389682.0
S1M_T05_clean_2	72337.0	74636.0	77972.0	83665.0	87483.0	95511.0	96957.0	100281.0	106823.0	107020.0	106531.0	109155.0	104261.0	105264.0	99789.0	88121.0	86429.0	87363.0	97180.0	78626.0	82601.0	73367.0	78363.0	65943.0	64495.0	64286.0	82680.0	153510.0
S1M_T10_clean_1	43942.0	45995.0	47499.0	51977.0	54527.0	65392.0	69684.0	79557.0	80329.0	89152.0	95340.0	101042.0	100989.0	102598.0	104613.0	106677.0	101977.0	96524.0	101480.0	90262.0	100580.0	96886.0	96065.0	87427.0	96200.0	104471.0	157509.0	451336.0
S1M_T10_clean_2	45411.0	49521.0	55629.0	62946.0	70134.0	83393.0	86745.0	95047.0	103434.0	109079.0	111803.0	119456.0	115624.0	118117.0	114526.0	103192.0	102988.0	105612.0	120147.0	99300.0	105961.0	94782.0	105769.0	89477.0	90372.0	90889.0	121890.0	248786.0
S1M_T15_clean_1	53636.0	57225.0	59975.0	65967.0	70270.0	83737.0	90446.0	101031.0	102176.0	111905.0	120631.0	126192.0	126115.0	125908.0	128510.0	130904.0	123699.0	117296.0	122005.0	108651.0	120598.0	115279.0	114322.0	103972.0	114218.0	124273.0	187751.0	523567.0
S1M_T15_clean_2	90179.0	93247.0	98898.0	106058.0	112177.0	123637.0	125725.0	131957.0	140795.0	141502.0	142425.0	146767.0	140598.0	140841.0	134562.0	120032.0	117889.0	119164.0	133245.0	108756.0	115467.0	102159.0	111290.0	93482.0	92594.0	92237.0	120736.0	233840.0
S1M_T20_clean_1	53446.0	55817.0	59169.0	65379.0	69360.0	82859.0	88727.0	99828.0	100425.0	110239.0	116970.0	122098.0	120914.0	122220.0	123527.0	125342.0	118412.0	112304.0	116005.0	101943.0	112988.0	107952.0	105939.0	96658.0	104990.0	113281.0	167231.0	452086.0
S1M_T20_clean_2	72453.0	76711.0	82680.0	90497.0	96893.0	109636.0	111819.0	119138.0	126688.0	130119.0	131046.0	136814.0	131922.0	133002.0	127520.0	114438.0	112757.0	114820.0	128549.0	104436.0	111551.0	99723.0	109313.0	92724.0	92848.0	92682.0	124555.0	250775.0
S2I_T01_clean_1	62593.0	68780.0	74127.0	82431.0	89551.0	104076.0	114364.0	125891.0	126483.0	135035.0	143031.0	146231.0	142442.0	139690.0	139455.0	139920.0	128801.0	121029.0	122391.0	106900.0	115736.0	107267.0	103117.0	92343.0	98475.0	103917.0	148723.0	347503.0
S2I_T01_clean_2	102417.0	106299.0	113103.0	119938.0	126081.0	137097.0	138677.0	143033.0	150028.0	149676.0	148068.0	150943.0	143798.0	142820.0	135124.0	119587.0	115813.0	116136.0	127361.0	102900.0	107260.0	94863.0	101300.0	83952.0	81565.0	79784.0	101127.0	191552.0
S2I_T02_clean_1	60448.0	63645.0	66951.0	73737.0	78818.0	94376.0	103597.0	116842.0	119801.0	132215.0	143145.0	152432.0	154003.0	155905.0	160479.0	163981.0	155488.0	147732.0	154827.0	139246.0	154557.0	148778.0	147275.0	136147.0	149599.0	164647.0	252217.0	732216.0
S2I_T02_clean_2	123904.0	129845.0	137999.0	149229.0	156633.0	171337.0	173885.0	178954.0	190350.0	188351.0	187909.0	192459.0	180063.0	181234.0	170992.0	151528.0	146780.0	147126.0	162208.0	131195.0	135985.0	120183.0	128361.0	107014.0	103878.0	101939.0	129547.0	244216.0
S2I_T03_clean_1	54166.0	56999.0	60142.0	66503.0	70960.0	84910.0	93094.0	104940.0	106923.0	118517.0	128687.0	137113.0	138418.0	139751.0	144005.0	147034.0	139338.0	132330.0	138053.0	123831.0	138190.0	132799.0	131591.0	120335.0	134630.0	146281.0	224924.0	651766.0
S2I_T03_clean_2	106262.0	111426.0	120075.0	129399.0	137421.0	150929.0	153644.0	157709.0	167747.0	167282.0	166851.0	171728.0	162236.0	162044.0	152722.0	135527.0	131975.0	133335.0	147767.0	118594.0	123681.0	109424.0	116731.0	97328.0	95670.0	93779.0	120216.0	224728.0
S2I_T04_clean_1	54902.0	58529.0	63032.0	70028.0	74218.0	87670.0	95456.0	104755.0	106431.0	114422.0	121856.0	126227.0	126099.0	125184.0	127047.0	127835.0	120214.0	113927.0	117504.0	104588.0	114853.0	109447.0	106765.0	97619.0	106379.0	114472.0	171027.0	467874.0
S2I_T04_clean_2	85005.0	89574.0	96603.0	105379.0	112262.0	124922.0	127224.0	132876.0	141660.0	143441.0	142936.0	146939.0	139803.0	139688.0	131450.0	117206.0	113951.0	114496.0	127555.0	103071.0	108723.0	96083.0	103916.0	86677.0	85454.0	85015.0	110647.0	215804.0
S2I_T05_clean_1	50023.0	52466.0	55647.0	61220.0	65271.0	77988.0	85447.0	96976.0	99678.0	109216.0	118923.0	126315.0	127658.0	128929.0	132252.0	135132.0	127692.0	121786.0	127029.0	113091.0	126848.0	121955.0	119912.0	110627.0	122608.0	133507.0	203518.0	591805.0
S2I_T05_clean_2	108246.0	112873.0	119291.0	127104.0	132883.0	143679.0	144745.0	148574.0	157100.0	156046.0	154507.0	157737.0	148240.0	147822.0	139112.0	123400.0	118698.0	119295.0	130906.0	105705.0	109427.0	96014.0	102181.0	85221.0	82871.0	80431.0	102275.0	189136.0
S2I_T10_clean_1	47353.0	48801.0	50990.0	55047.0	58000.0	67988.0	74939.0	84642.0	86369.0	95736.0	103654.0	110636.0	113302.0	113274.0	117138.0	119428.0	115184.0	107835.0	114023.0	101562.0	114544.0	110480.0	110014.0	100478.0	110984.0	121839.0	187390.0	558855.0
S2I_T10_clean_2	71817.0	76270.0	83791.0	92831.0	101144.0	114568.0	116791.0	124161.0	134711.0	136526.0	137560.0	143390.0	136553.0	137532.0	132010.0	117749.0	114869.0	116206.0	130636.0	105227.0	110693.0	97366.0	104879.0	87892.0	84871.0	83380.0	106406.0	200656.0
S2I_T15_clean_1	79306.0	84495.0	88309.0	97354.0	102862.0	122597.0	134071.0	151286.0	155415.0	170039.0	185610.0	195527.0	197536.0	200041.0	206489.0	208649.0	199419.0	189192.0	196450.0	177049.0	197647.0	190159.0	188079.0	173094.0	190532.0	209371.0	319349.0	924608.0
S2I_T15_clean_2	153338.0	162309.0	174053.0	187589.0	198599.0	217532.0	220810.0	228598.0	242563.0	242493.0	242223.0	246811.0	232817.0	232517.0	219780.0	195486.0	189875.0	190140.0	210285.0	170416.0	176419.0	156183.0	166324.0	138582.0	133923.0	130921.0	165059.0	308890.0
S2I_T20_clean_1	55989.0	57253.0	58656.0	63764.0	66823.0	81518.0	87031.0	99485.0	99648.0	111050.0	118589.0	124747.0	125427.0	125927.0	130477.0	131379.0	126713.0	118879.0	126301.0	110195.0	124094.0	116831.0	117783.0	105112.0	115910.0	123351.0	183526.0	517508.0
S2I_T20_clean_2	62441.0	69293.0	78088.0	90116.0	98905.0	116853.0	121542.0	132048.0	141689.0	147695.0	148174.0	155965.0	149143.0	151083.0	144937.0	130038.0	128537.0	128336.0	144405.0	117426.0	123247.0	107892.0	116549.0	97065.0	95586.0	92151.0	116700.0	218062.0
S2M_T01_clean_1	98286.0	115587.0	128186.0	139567.0	145973.0	158556.0	163818.0	161412.0	154008.0	149675.0	147309.0	136578.0	121771.0	113022.0	104485.0	100391.0	86017.0	76840.0	70679.0	60266.0	59117.0	50819.0	45689.0	39242.0	38185.0	37573.0	49176.0	69949.0
S2M_T01_clean_2	51786.0	59552.0	67284.0	75534.0	83214.0	92899.0	97277.0	102125.0	112042.0	113637.0	116301.0	122154.0	117311.0	119316.0	113768.0	103366.0	101078.0	102661.0	114114.0	94452.0	100184.0	89672.0	98350.0	82953.0	82614.0	82655.0	108743.0	217134.0
S2M_T02_clean_1	54042.0	55711.0	58102.0	63889.0	67065.0	79472.0	86743.0	98111.0	99414.0	109836.0	117718.0	125250.0	125863.0	127589.0	129706.0	132732.0	125765.0	120451.0	125496.0	111645.0	124556.0	120186.0	118950.0	109112.0	120387.0	130820.0	198743.0	572064.0
S2M_T02_clean_2	76711.0	82223.0	89521.0	98633.0	106997.0	121426.0	124902.0	132343.0	142921.0	144794.0	146696.0	152061.0	146237.0	147073.0	140918.0	126397.0	123653.0	124514.0	140542.0	114626.0	120357.0	107931.0	116862.0	99306.0	98067.0	97741.0	128793.0	257173.0
S2M_T03_clean_1	58455.0	60820.0	63526.0	69788.0	74329.0	88026.0	95604.0	108144.0	107600.0	119596.0	128113.0	135378.0	135017.0	137489.0	138136.0	141815.0	134096.0	127946.0	132398.0	118076.0	131368.0	125191.0	123767.0	113014.0	124142.0	134137.0	203603.0	566420.0
S2M_T03_clean_2	91194.0	95342.0	102141.0	111522.0	118377.0	131506.0	134689.0	141412.0	150903.0	153228.0	153443.0	159797.0	152367.0	153287.0	145305.0	130971.0	128250.0	129359.0	144443.0	118229.0	124269.0	111037.0	120629.0	101484.0	101032.0	100123.0	131085.0	260570.0
S2M_T04_clean_1	49506.0	52767.0	55929.0	60383.0	63974.0	74528.0	80341.0	87901.0	89174.0	95280.0	101589.0	104917.0	103492.0	102738.0	104087.0	104433.0	98843.0	92394.0	95359.0	84231.0	92464.0	87796.0	85810.0	77767.0	84415.0	90328.0	134199.0	352314.0
S2M_T04_clean_2	58408.0	62987.0	68900.0	75506.0	81050.0	91006.0	94735.0	99823.0	107869.0	109566.0	111365.0	116253.0	111175.0	112204.0	107419.0	95834.0	94108.0	95602.0	106974.0	87217.0	92954.0	83163.0	91633.0	76943.0	77403.0	78050.0	105145.0	213667.0
S2M_T05_clean_1	44431.0	50643.0	56170.0	64445.0	70517.0	85214.0	95513.0	106762.0	109659.0	119397.0	128567.0	133804.0	131922.0	132406.0	132571.0	135056.0	125247.0	118610.0	121232.0	107461.0	116336.0	109726.0	106474.0	96041.0	101834.0	109784.0	156933.0	386663.0
S2M_T05_clean_2	187687.0	187447.0	187466.0	188249.0	184872.0	187289.0	178507.0	170130.0	169308.0	158362.0	148787.0	141349.0	128042.0	122076.0	108729.0	94918.0	87890.0	84669.0	87159.0	67637.0	65705.0	55252.0	54372.0	42302.0	38223.0	34272.0	38925.0	53794.0
S2M_T10_clean_1	44790.0	45612.0	46292.0	49833.0	52659.0	62595.0	65835.0	75291.0	75313.0	83745.0	88963.0	94313.0	95243.0	96799.0	98542.0	100438.0	96146.0	90112.0	95062.0	84001.0	95140.0	90399.0	90059.0	82143.0	89904.0	97759.0	147912.0	435906.0
S2M_T10_clean_2	44582.0	47607.0	53962.0	61631.0	68098.0	81589.0	84751.0	92930.0	100742.0	105396.0	106516.0	115312.0	110887.0	113918.0	109601.0	98994.0	99037.0	100422.0	113576.0	93615.0	99804.0	89837.0	97866.0	83326.0	82781.0	82655.0	109069.0	222302.0
S2M_T15_clean_1	22575.0	31873.0	40549.0	49617.0	57829.0	66975.0	76199.0	79600.0	81303.0	82071.0	85274.0	81888.0	76239.0	72250.0	69456.0	68710.0	60235.0	56333.0	52449.0	45877.0	46529.0	41781.0	37938.0	34046.0	33300.0	34103.0	46983.0	74238.0
S2M_T15_clean_2	358484.0	281263.0	218282.0	168741.0	129285.0	99970.0	76973.0	59311.0	47583.0	35812.0	28568.0	22104.0	17319.0	13843.0	10468.0	8129.0	6656.0	5525.0	4582.0	3233.0	2452.0	1910.0	1568.0	1198.0	862.0	647.0	687.0	765.0
S2M_T20_clean_1	10380.0	10746.0	11225.0	13501.0	14210.0	19015.0	18811.0	22496.0	20461.0	22846.0	22344.0	22825.0	21768.0	21337.0	21358.0	20918.0	19792.0	17744.0	18713.0	15550.0	17381.0	15313.0	15603.0	13192.0	14094.0	14058.0	19859.0	52323.0
S2M_T20_clean_2	6595.0	7795.0	9553.0	12618.0	14048.0	20095.0	19576.0	23847.0	23210.0	26047.0	24414.0	26039.0	24426.0	24173.0	23389.0	20866.0	20741.0	19603.0	22284.0	17176.0	18684.0	15709.0	17441.0	13748.0	13844.0	12948.0	16648.0	32346.0
S3I_T01_clean_1	79412.0	87295.0	93846.0	103982.0	110628.0	127415.0	137582.0	147129.0	146031.0	152563.0	158054.0	158426.0	150577.0	146972.0	144610.0	143642.0	131365.0	121580.0	121273.0	104319.0	111207.0	101835.0	96279.0	85260.0	89385.0	91513.0	126885.0	267842.0
S3I_T01_clean_2	77897.0	84277.0	91548.0	101059.0	109365.0	122269.0	125403.0	133111.0	142147.0	145088.0	145691.0	151429.0	145393.0	147042.0	140849.0	127081.0	124153.0	125964.0	141088.0	115216.0	122211.0	108823.0	118581.0	100285.0	99601.0	99080.0	130989.0	261267.0
S3I_T02_clean_1	70581.0	73702.0	76783.0	83782.0	88762.0	105281.0	114497.0	128104.0	130931.0	143830.0	155450.0	165265.0	166075.0	168628.0	172167.0	176582.0	167795.0	159751.0	166718.0	150272.0	167969.0	161337.0	160502.0	147035.0	163075.0	178247.0	273164.0	791287.0
S3I_T02_clean_2	104639.0	112021.0	121315.0	132960.0	144270.0	161463.0	165780.0	174252.0	187238.0	190850.0	193474.0	200188.0	192053.0	194990.0	186311.0	167405.0	164441.0	167338.0	188066.0	153892.0	162919.0	145422.0	158780.0	134144.0	134140.0	134510.0	179704.0	355007.0
S3I_T03_clean_1	66306.0	70350.0	72802.0	80508.0	84697.0	100667.0	109617.0	123227.0	124614.0	137943.0	147448.0	155397.0	154372.0	155703.0	158798.0	161955.0	152294.0	144286.0	149880.0	133365.0	148255.0	139957.0	138985.0	126889.0	138678.0	150652.0	227663.0	625079.0
S3I_T03_clean_2	99970.0	105026.0	112178.0	121921.0	129910.0	144484.0	147024.0	154520.0	165268.0	168150.0	169215.0	176639.0	169664.0	171259.0	164198.0	147245.0	143969.0	147097.0	164798.0	136277.0	143190.0	127986.0	140310.0	117962.0	117943.0	118692.0	157889.0	317603.0
S3I_T04_clean_1	62996.0	66812.0	70546.0	75786.0	80095.0	93659.0	100408.0	110271.0	110828.0	118912.0	126506.0	130519.0	128890.0	127923.0	130140.0	130631.0	123021.0	116535.0	119755.0	105855.0	116263.0	110381.0	108467.0	98772.0	107850.0	115001.0	171134.0	458892.0
S3I_T04_clean_2	71317.0	75843.0	82997.0	91945.0	99790.0	112852.0	115666.0	123374.0	132092.0	136031.0	137810.0	145362.0	138835.0	140428.0	135026.0	121497.0	118996.0	121412.0	136930.0	111699.0	119918.0	107082.0	117858.0	99669.0	100580.0	101556.0	137680.0	282603.0
S3I_T05_clean_1	61037.0	63741.0	67307.0	73270.0	77446.0	91931.0	100512.0	113809.0	116511.0	127533.0	137869.0	145013.0	146654.0	147881.0	150630.0	153664.0	145762.0	138102.0	144240.0	127924.0	142815.0	136734.0	135042.0	124010.0	136261.0	147435.0	222252.0	618554.0
S3I_T05_clean_2	108450.0	114793.0	122909.0	133174.0	140533.0	155112.0	156580.0	163356.0	173103.0	172864.0	172652.0	175967.0	166451.0	168051.0	158438.0	140848.0	137859.0	138475.0	153029.0	125052.0	130019.0	114747.0	122555.0	102466.0	99767.0	97038.0	122989.0	226662.0
S3I_T10_clean_1	64080.0	65857.0	68009.0	74380.0	77998.0	92222.0	100302.0	113306.0	114255.0	126312.0	136820.0	144358.0	146708.0	147782.0	151584.0	153969.0	147897.0	138761.0	146968.0	131201.0	147112.0	141226.0	140907.0	128024.0	141849.0	156436.0	238633.0	693627.0
S3I_T10_clean_2	87242.0	91872.0	100196.0	110633.0	119372.0	135813.0	138492.0	148583.0	159670.0	164513.0	166522.0	175016.0	168933.0	170863.0	165520.0	148948.0	146319.0	149075.0	168760.0	138290.0	146782.0	131740.0	144456.0	121818.0	121752.0	122195.0	162989.0	324219.0
S3I_T15_clean_1	49555.0	50524.0	51250.0	56238.0	59379.0	72713.0	77118.0	88578.0	88195.0	97949.0	104087.0	109082.0	109730.0	110160.0	114402.0	114938.0	111108.0	104439.0	111216.0	97563.0	110223.0	104222.0	104476.0	93464.0	102450.0	107719.0	160610.0	454412.0
S3I_T15_clean_2	49605.0	54384.0	62579.0	72173.0	81006.0	98133.0	102059.0	113363.0	121562.0	128015.0	129550.0	136819.0	131334.0	133079.0	129213.0	115896.0	115754.0	116113.0	132034.0	106582.0	113221.0	99317.0	108117.0	89397.0	88040.0	84218.0	106606.0	197631.0
S3I_T20_clean_1	71258.0	73991.0	76946.0	83422.0	88553.0	105021.0	114340.0	127306.0	129941.0	142806.0	154080.0	161258.0	162760.0	162903.0	166576.0	169325.0	161320.0	152568.0	159189.0	141277.0	157687.0	151161.0	148705.0	136586.0	150161.0	162718.0	245442.0	682799.0
S3I_T20_clean_2	103013.0	108420.0	117329.0	127973.0	137258.0	154815.0	156920.0	166634.0	178503.0	181426.0	182633.0	189448.0	182322.0	184230.0	175924.0	158189.0	154809.0	158105.0	176566.0	145701.0	153049.0	136185.0	148230.0	124473.0	124160.0	125279.0	164859.0	323646.0
S3M_T01_clean_1	74381.0	84175.0	92013.0	102747.0	111534.0	128410.0	138057.0	147935.0	147035.0	153653.0	159276.0	159494.0	150812.0	145718.0	143440.0	141806.0	128788.0	118998.0	117610.0	101458.0	106613.0	95997.0	91101.0	80450.0	83634.0	85835.0	119032.0	236506.0
S3M_T01_clean_2	82612.0	89641.0	97427.0	106375.0	114529.0	127693.0	129972.0	136443.0	145601.0	146475.0	146837.0	152090.0	144554.0	145695.0	137928.0	123769.0	120697.0	121395.0	135331.0	108925.0	115279.0	102269.0	110022.0	92658.0	89454.0	88130.0	114114.0	220593.0
S3M_T02_clean_1	61760.0	65194.0	68549.0	75448.0	80894.0	96908.0	105105.0	119120.0	121124.0	134022.0	145195.0	153737.0	153918.0	156769.0	160846.0	163277.0	155595.0	148349.0	154918.0	138376.0	154434.0	148142.0	148529.0	136025.0	149160.0	163514.0	250050.0	721909.0
S3M_T02_clean_2	116153.0	120866.0	128452.0	138299.0	147533.0	162908.0	165505.0	172677.0	182944.0	184339.0	183693.0	189588.0	179615.0	179320.0	171282.0	153257.0	147753.0	150138.0	165718.0	134951.0	141474.0	125952.0	135645.0	113893.0	111178.0	109670.0	141767.0	276297.0
S3M_T03_clean_1	59853.0	63543.0	66963.0	74465.0	79493.0	95688.0	103292.0	116848.0	118536.0	130622.0	140915.0	148433.0	148686.0	150268.0	153906.0	157120.0	149364.0	141163.0	146911.0	130351.0	145899.0	139709.0	138208.0	126414.0	139671.0	150692.0	228865.0	648384.0
S3M_T03_clean_2	122145.0	124655.0	130415.0	139236.0	144750.0	158250.0	158830.0	164928.0	173869.0	173861.0	172133.0	177361.0	167042.0	167945.0	159605.0	141847.0	138316.0	139025.0	154501.0	125185.0	131312.0	116339.0	125368.0	103979.0	102338.0	100706.0	129382.0	250939.0
S3M_T04_clean_1	49772.0	53958.0	56815.0	62217.0	65547.0	76189.0	83372.0	91839.0	93360.0	101009.0	107681.0	111333.0	111317.0	110358.0	111091.0	112861.0	105732.0	99736.0	102433.0	91797.0	100797.0	95049.0	94028.0	84954.0	91918.0	99260.0	147861.0	396763.0
S3M_T04_clean_2	69972.0	74579.0	80988.0	88387.0	93878.0	104328.0	106513.0	111808.0	120096.0	120962.0	122383.0	126562.0	120898.0	121559.0	115285.0	103070.0	100587.0	101989.0	113772.0	92358.0	97405.0	86795.0	93841.0	78870.0	78151.0	78090.0	101928.0	203993.0
S3M_T05_clean_1	62795.0	66090.0	68943.0	76149.0	80432.0	96705.0	105377.0	119168.0	121143.0	135049.0	145702.0	153723.0	155720.0	157383.0	160105.0	163735.0	155769.0	148234.0	154652.0	138452.0	154311.0	147840.0	146689.0	134737.0	148086.0	161041.0	245539.0	703173.0
S3M_T05_clean_2	122285.0	127336.0	136015.0	146558.0	153824.0	168502.0	170080.0	176029.0	186012.0	186191.0	185046.0	188897.0	178088.0	179437.0	168683.0	150595.0	146109.0	147863.0	163014.0	131641.0	137693.0	121965.0	130529.0	108444.0	106264.0	104567.0	133278.0	251797.0
S3M_T10_clean_1	61295.0	63926.0	66682.0	72574.0	76039.0	92095.0	99464.0	112421.0	113323.0	125875.0	135743.0	144153.0	145991.0	147092.0	150911.0	153550.0	148240.0	138510.0	145166.0	130270.0	145934.0	140301.0	139458.0	127436.0	140678.0	153383.0	235373.0	687127.0
S3M_T10_clean_2	100757.0	106079.0	114518.0	125073.0	133771.0	150050.0	151384.0	160231.0	171181.0	173383.0	172367.0	180093.0	170952.0	172806.0	164676.0	146646.0	142978.0	145244.0	161739.0	131763.0	138019.0	122011.0	132082.0	110286.0	107980.0	106239.0	136680.0	264022.0
S3M_T15_clean_1	48024.0	49397.0	50687.0	55916.0	58863.0	71743.0	75496.0	86833.0	86399.0	95952.0	100598.0	106241.0	104947.0	106020.0	108824.0	109437.0	105906.0	98868.0	104352.0	91697.0	102811.0	95922.0	95553.0	85897.0	93454.0	97778.0	145171.0	406503.0
S3M_T15_clean_2	53930.0	57839.0	64702.0	73496.0	80204.0	95872.0	98635.0	109309.0	116329.0	121419.0	121626.0	128496.0	123023.0	124551.0	120728.0	108003.0	107310.0	107337.0	120927.0	96924.0	103803.0	90286.0	97727.0	81475.0	79423.0	75989.0	96315.0	183611.0
S3M_T20_clean_1	68018.0	73697.0	78717.0	87816.0	93940.0	111937.0	122146.0	135636.0	136614.0	148056.0	158075.0	162135.0	159914.0	157703.0	159593.0	160764.0	150959.0	141334.0	146062.0	128105.0	140232.0	131340.0	128455.0	115464.0	124990.0	131841.0	192230.0	478719.0
S3M_T20_clean_2	121051.0	124805.0	131498.0	140843.0	147342.0	160439.0	160825.0	166635.0	173815.0	174657.0	172905.0	176232.0	166191.0	165959.0	156434.0	139425.0	135952.0	136544.0	150823.0	122466.0	126862.0	112070.0	120489.0	98860.0	97064.0	94550.0	120759.0	228997.0
